263 9 1.0 0.244033302834526
30 9 1.0 0.298474450651666
52 9 1.0 0.264734281875982
29 9 1.0 0.305938507975475
220 9 1.0 0.28295795106144
43 9 1.0 0.299023638372896
373 9 1.0 0.205759600332044
373 9 1.0 0.13128900483608
373 9 1.0 0.117445838936345
373 9 1.0 0.1433205855952
373 9 1.0 0.135750647451827
373 9 1.0 0.0888435585086405
373 9 1.0 0.0894041101138077
373 9 1.0 0.0936057352003591
370 9 1.0 0.221790874662795
370 9 1.0 0.130704722040284
370 9 1.0 0.132474014286794
370 9 1.0 0.148106305910333
370 9 1.0 0.146260433337679
370 9 1.0 0.144255860895954
370 9 1.0 0.179073765589079
370 9 1.0 0.170827672365168
370 9 1.0 0.137554343640455
370 9 1.0 0.164613152962423
370 9 1.0 0.108730596548286
369 9 1.0 0.217857032274007
369 9 1.0 0.116870490625696
369 9 1.0 0.131524614816679
369 9 1.0 0.114038887280534
369 9 1.0 0.122565289379863
369 9 1.0 0.130917470311062
369 9 1.0 0.12689240029383
369 9 1.0 0.130891111550625
368 9 1.0 0.141825209988198
368 9 1.0 0.126962363354896
368 9 1.0 0.146412316710851
368 9 1.0 0.146413773059309
368 9 1.0 0.130714421569767
368 9 1.0 0.139520013162852
194 9 1.0 0.139084941479104
194 9 1.0 0.145178715848059
194 9 1.0 0.150050030114021
194 9 1.0 0.157544131971907
194 9 1.0 0.147322431613429
194 9 1.0 0.121953491598452
194 9 1.0 0.133953213943743
194 9 1.0 0.166282761998972
366 9 1.0 0.235884873069361
366 9 1.0 0.22689600013973
366 9 1.0 0.156399611745472
366 9 1.0 0.117410498659344
366 9 1.0 0.148590979873554
363 9 1.0 0.173823546967152
363 9 1.0 0.153522851382764
363 9 1.0 0.158591511481958
363 9 1.0 0.16218337222474
363 9 1.0 0.163530676623548
349 9 1.0 0.172107151798426
349 9 1.0 0.156334175089967
349 9 1.0 0.162424173853995
349 9 1.0 0.155569891435277
349 9 1.0 0.163538775455272
318 9 1.0 0.257167314845379
318 9 1.0 0.17090009868381
318 9 1.0 0.161076793832123
318 9 1.0 0.177881533393094
318 9 1.0 0.179033112225443
318 9 1.0 0.177085308323691
148 9 1.0 0.166570351877213
148 9 1.0 0.176228984278395
148 9 1.0 0.148906744384162
148 9 1.0 0.182470811715518
148 9 1.0 0.144776579136957
148 9 1.0 0.176702567800926
148 9 1.0 0.188132279141017
146 9 1.0 0.162857439918973
146 9 1.0 0.207944950972314
146 9 1.0 0.152896588612472
146 9 1.0 0.180511270397228
146 9 1.0 0.180195327083373
146 9 1.0 0.180866864506595
146 9 1.0 0.15481364020444
146 9 1.0 0.238581584525373
146 9 1.0 0.236994790370583
146 9 1.0 0.210067856998237
145 9 1.0 0.265323566552516
145 9 1.0 0.266921595647708
145 9 1.0 0.159256990674809
145 9 1.0 0.179615995642125
145 9 1.0 0.244697503038359
145 9 1.0 0.184815407803613
142 9 1.0 0.195724516447599
142 9 1.0 0.212664400475134
142 9 1.0 0.173839812613366
142 9 1.0 0.185473958019018
142 9 1.0 0.193039230552813
142 9 1.0 0.263599608523695
142 9 1.0 0.190079446469742
141 9 1.0 0.288952902198299
141 9 1.0 0.285228297451025
141 9 1.0 0.281510479862509
141 9 1.0 0.184994083907304
141 9 1.0 0.193760073492192
141 9 1.0 0.209696490790332
141 9 1.0 0.185776657367562
141 9 1.0 0.20459588519662
141 9 1.0 0.16386213803851
141 9 1.0 0.276659396694735
129 9 1.0 0.21040524236749
129 9 1.0 0.253928515380206
129 9 1.0 0.192979740429102
129 9 1.0 0.157223564162568
129 9 1.0 0.201470217831489
140 9 1.0 0.189348732220036
140 9 1.0 0.193966219319596
140 9 1.0 0.198683444810443
140 9 1.0 0.208884408673645
140 9 1.0 0.203354174863247
140 9 1.0 0.20574167153628
140 9 1.0 0.278447925580447
315 9 1.0 0.187255701559319
315 9 1.0 0.198537499070457
315 9 1.0 0.24567775358644
315 9 1.0 0.202621414499116
315 9 1.0 0.196213713355695
315 9 1.0 0.21005672614629
314 9 1.0 0.290783888023007
314 9 1.0 0.188519772944257
314 9 1.0 0.207519030188604
314 9 1.0 0.265892412814269
314 9 1.0 0.27049323954176
314 9 1.0 0.285023643544778
314 9 1.0 0.211177594707132
139 9 1.0 0.299130229630703
139 9 1.0 0.236808097069607
139 9 1.0 0.239507524324125
139 9 1.0 0.215129065118845
126 9 1.0 0.191691922360539
126 9 1.0 0.215636990663334
126 9 1.0 0.289063219795622
125 9 1.0 0.295507011215052
125 9 1.0 0.228532170670308
125 9 1.0 0.237797912217312
192 9 1.0 0.142946548551028
192 9 1.0 0.241865670688439
192 9 1.0 0.155884270738959
192 9 1.0 0.163631526195832
192 9 1.0 0.118776382715094
192 9 1.0 0.163822964810429
192 9 1.0 0.166872439297193
192 9 1.0 0.168075713128643
192 9 1.0 0.138836216454054
360 9 1.0 0.12896273087243
360 9 1.0 0.127485005905419
360 9 1.0 0.16946108230817
360 9 1.0 0.170969978207128
360 9 1.0 0.208964977029517
360 9 1.0 0.113957227618716
357 9 1.0 0.213205205224888
357 9 1.0 0.0954796037328208
357 9 1.0 0.105680290818991
357 9 1.0 0.138290385432736
357 9 1.0 0.123011279128752
357 9 1.0 0.140975640812297
195 9 1.0 0.114689493075178
195 9 1.0 0.130411625110699
195 9 1.0 0.111532989843883
195 9 1.0 0.207224890124863
195 9 1.0 0.147252212166307
195 9 1.0 0.123275646404106
195 9 1.0 0.177874276742342
186 9 1.0 0.217889182293543
186 9 1.0 0.116887864070983
186 9 1.0 0.163185014441965
186 9 1.0 0.138662738341869
186 9 1.0 0.122901355579852
186 9 1.0 0.123261470025888
186 9 1.0 0.145373214975795
185 9 1.0 0.126959948520026
185 9 1.0 0.140519105279221
185 9 1.0 0.138192806101515
185 9 1.0 0.139417803053417
185 9 1.0 0.149326860949112
185 9 1.0 0.126296343801717
185 9 1.0 0.133532138578053
185 9 1.0 0.135767243085362
185 9 1.0 0.211892829481215
183 9 1.0 0.131327461672111
180 9 1.0 0.125848156912814
180 9 1.0 0.163267482555973
180 9 1.0 0.153701765237459
180 9 1.0 0.102290909848654
180 9 1.0 0.113120523021992
180 9 1.0 0.22261506428195
180 9 1.0 0.123162174250089
187 9 1.0 0.136192019620579
187 9 1.0 0.134035614891
187 9 1.0 0.16818848656107
187 9 1.0 0.131251451522843
187 9 1.0 0.1017724234428
187 9 1.0 0.148876241751376
187 9 1.0 0.112303244435179
199 9 1.0 0.23934733363906
199 9 1.0 0.120231239335218
199 9 1.0 0.143153785170717
199 9 1.0 0.13919680694645
199 9 1.0 0.232606444749505
199 9 1.0 0.109065264077322
199 9 1.0 0.176052709218969
199 9 1.0 0.150259345529311
199 9 1.0 0.131586081065428
199 9 1.0 0.198537094320468
350 9 1.0 0.242394868687241
350 9 1.0 0.116453748000188
350 9 1.0 0.168292508357394
350 9 1.0 0.18828126154383
350 9 1.0 0.195679476050846
350 9 1.0 0.16391578293241
350 9 1.0 0.122651004522284
350 9 1.0 0.122429348917855
188 9 1.0 0.253542696171867
188 9 1.0 0.154586421808182
188 9 1.0 0.17284380938386
188 9 1.0 0.144315319710183
188 9 1.0 0.253127561445169
188 9 1.0 0.223287349552053
188 9 1.0 0.132888848404585
312 9 1.0 0.186199178272801
312 9 1.0 0.185654123689975
312 9 1.0 0.195264963057706
312 9 1.0 0.201451316641333
312 9 1.0 0.194902696755815
312 9 1.0 0.208623108365442
312 9 1.0 0.189660353862031
312 9 1.0 0.157043662391803
312 9 1.0 0.203464990278645
310 9 1.0 0.250844152510767
310 9 1.0 0.2526769124188
310 9 1.0 0.136709797265818
310 9 1.0 0.155102529796954
310 9 1.0 0.160023543411009
310 9 1.0 0.192560438353831
310 9 1.0 0.158246460422476
310 9 1.0 0.225872297557508
310 9 1.0 0.253060842488241
306 9 1.0 0.160200166010721
306 9 1.0 0.174545037385652
306 9 1.0 0.200492943817198
306 9 1.0 0.196690853872104
306 9 1.0 0.171859621724073
306 9 1.0 0.146695039702947
309 9 1.0 0.156388113384764
309 9 1.0 0.165894728110721
309 9 1.0 0.259157421046767
309 9 1.0 0.199896213000278
309 9 1.0 0.198699763952745
309 9 1.0 0.209554845142196
309 9 1.0 0.209892406549279
309 9 1.0 0.213009330598882
309 9 1.0 0.163713301500293
309 9 1.0 0.180558734099071
309 9 1.0 0.230322028621404
308 9 1.0 0.160555012836731
308 9 1.0 0.196296242824529
308 9 1.0 0.211891195787649
308 9 1.0 0.164545678205109
308 9 1.0 0.182175793982251
307 9 1.0 0.271354165504613
307 9 1.0 0.161122230088141
307 9 1.0 0.176273437223321
307 9 1.0 0.151114073605056
127 9 1.0 0.191675396406867
127 9 1.0 0.173839737067985
127 9 1.0 0.251699140315415
127 9 1.0 0.206305834944835
127 9 1.0 0.18434616845437
127 9 1.0 0.159242777908304
127 9 1.0 0.184288495778252
127 9 1.0 0.224646713749306
127 9 1.0 0.21339098900597
128 9 1.0 0.290073989336874
128 9 1.0 0.176878895039957
128 9 1.0 0.15964461424388
128 9 1.0 0.211010483739763
128 9 1.0 0.221541174089553
128 9 1.0 0.219026197727557
128 9 1.0 0.197184082283642
128 9 1.0 0.166540297113151
128 9 1.0 0.198736025757933
128 9 1.0 0.256488658879657
176 9 1.0 0.156058945221899
176 9 1.0 0.153456391808515
176 9 1.0 0.180901646425739
176 9 1.0 0.181870893275882
176 9 1.0 0.191184333384481
176 9 1.0 0.180883561491831
176 9 1.0 0.180760647869982
176 9 1.0 0.177635361472936
176 9 1.0 0.1782855423911
176 9 1.0 0.138364509401858
176 9 1.0 0.196335158648406
176 9 1.0 0.175832238242317
176 9 1.0 0.148051213281413
175 9 1.0 0.176288032500828
175 9 1.0 0.168255528377545
175 9 1.0 0.195849257261906
175 9 1.0 0.187850936925729
175 9 1.0 0.187109461828674
175 9 1.0 0.163507692779939
175 9 1.0 0.127683773944716
177 9 1.0 0.255565787034334
177 9 1.0 0.150640027545838
177 9 1.0 0.143935237133871
177 9 1.0 0.176662606982473
135 9 1.0 0.266646537940454
135 9 1.0 0.163668304162925
135 9 1.0 0.159045506900592
135 9 1.0 0.199561319165843
135 9 1.0 0.202111538864295
135 9 1.0 0.201629614981706
135 9 1.0 0.185382308091379
135 9 1.0 0.140821557189785
135 9 1.0 0.145143348059529
135 9 1.0 0.180842427788826
135 9 1.0 0.136938528321489
135 9 1.0 0.135845038032
135 9 1.0 0.186225050045699
135 9 1.0 0.160969748262327
174 9 1.0 0.124572996207411
174 9 1.0 0.141366105902073
174 9 1.0 0.135874246251967
174 9 1.0 0.119385632529467
174 9 1.0 0.135507139858113
174 9 1.0 0.0928539332612097
174 9 1.0 0.129752170804287
174 9 1.0 0.135915880211629
174 9 1.0 0.202274359169688
174 9 1.0 0.122623026787793
174 9 1.0 0.131279227650165
173 9 1.0 0.120623081741541
173 9 1.0 0.11563183114262
173 9 1.0 0.143536076317898
173 9 1.0 0.152245652349296
173 9 1.0 0.146114817939947
173 9 1.0 0.188438025591568
173 9 1.0 0.117902769812879
173 9 1.0 0.130890700227944
173 9 1.0 0.209345299004061
173 9 1.0 0.148609282826202
173 9 1.0 0.138851618662492
172 9 1.0 0.217280603224721
172 9 1.0 0.112946712706726
172 9 1.0 0.116537704650295
172 9 1.0 0.129461092755042
172 9 1.0 0.148153331641765
171 9 1.0 0.225019149426505
171 9 1.0 0.22102538833244
171 9 1.0 0.11762198854349
171 9 1.0 0.115550640748254
171 9 1.0 0.136464473044863
171 9 1.0 0.1447235348922
171 9 1.0 0.215865521004517
171 9 1.0 0.218475593210388
171 9 1.0 0.138675929495205
171 9 1.0 0.103457094300547
171 9 1.0 0.137599688703886
170 9 1.0 0.127749912093375
170 9 1.0 0.156919935331222
170 9 1.0 0.111125151922948
170 9 1.0 0.1106193877452
170 9 1.0 0.143034303241994
170 9 1.0 0.134720719298616
169 9 1.0 0.140734209136062
169 9 1.0 0.136037091215981
169 9 1.0 0.116536327175253
169 9 1.0 0.164769807747059
169 9 1.0 0.122323544583408
169 9 1.0 0.115896241843265
169 9 1.0 0.227617453283028
169 9 1.0 0.166860585914107
190 9 1.0 0.146029900010131
190 9 1.0 0.14963991081658
190 9 1.0 0.2252238473948
166 9 1.0 0.149180608045749
166 9 1.0 0.181904461584375
166 9 1.0 0.154949256307123
166 9 1.0 0.140423433628411
166 9 1.0 0.160778093904921
166 9 1.0 0.149917721078854
164 9 1.0 0.161600154064051
164 9 1.0 0.162789072409474
164 9 1.0 0.154798606097108
164 9 1.0 0.200243362088817
164 9 1.0 0.173367731631704
164 9 1.0 0.136212335632535
164 9 1.0 0.141873299008492
164 9 1.0 0.163395693669426
164 9 1.0 0.172679376374204
164 9 1.0 0.226395474461622
164 9 1.0 0.24659112049549
164 9 1.0 0.200660814983872
163 9 1.0 0.136095356131379
163 9 1.0 0.184538016571506
163 9 1.0 0.169319671963689
163 9 1.0 0.170340690474991
163 9 1.0 0.198308689364466
163 9 1.0 0.229907061225371
123 9 1.0 0.168210884149926
123 9 1.0 0.187109978389285
123 9 1.0 0.143973885755767
123 9 1.0 0.199940534280023
123 9 1.0 0.233471924220044
123 9 1.0 0.178190363070243
123 9 1.0 0.149706854893633
123 9 1.0 0.254228332068972
123 9 1.0 0.228848993031446
123 9 1.0 0.179836686838428
123 9 1.0 0.17758216496281
107 9 1.0 0.273907787562328
107 9 1.0 0.172417843706848
107 9 1.0 0.190371739360893
107 9 1.0 0.180788886385158
107 9 1.0 0.185480627581215
121 9 1.0 0.172138586136117
121 9 1.0 0.197631773236894
121 9 1.0 0.181884750388926
121 9 1.0 0.274969398805987
121 9 1.0 0.155091188456295
143 9 1.0 0.163665420398015
143 9 1.0 0.164976713611817
143 9 1.0 0.215156372128491
143 9 1.0 0.169247275493952
120 9 1.0 0.168679307514365
120 9 1.0 0.182009542134291
120 9 1.0 0.183489385991934
120 9 1.0 0.195439417970141
120 9 1.0 0.24720402776076
106 9 1.0 0.168730178713861
106 9 1.0 0.226639938304035
106 9 1.0 0.214427889898107
106 9 1.0 0.181576683099667
106 9 1.0 0.152573783508147
106 9 1.0 0.18990814069154
119 9 1.0 0.276357851473329
119 9 1.0 0.177556317056925
119 9 1.0 0.194856027086667
119 9 1.0 0.273938476311395
119 9 1.0 0.229117050074856
119 9 1.0 0.207509251709293
119 9 1.0 0.208700894640247
119 9 1.0 0.204323636496852
119 9 1.0 0.241478775606925
112 9 1.0 0.281818970132554
112 9 1.0 0.160067107978771
112 9 1.0 0.159107074866964
112 9 1.0 0.225820124035175
112 9 1.0 0.224929610897546
112 9 1.0 0.235978900630528
112 9 1.0 0.191567654913444
112 9 1.0 0.197784435359564
112 9 1.0 0.25726930076403
112 9 1.0 0.177200777394574
118 9 1.0 0.288009119137385
118 9 1.0 0.177070038208361
118 9 1.0 0.169543030100987
118 9 1.0 0.159932586194333
118 9 1.0 0.258117187443472
118 9 1.0 0.178309223565007
117 9 1.0 0.195710839877084
117 9 1.0 0.212454557249688
117 9 1.0 0.200050929531832
117 9 1.0 0.198179233661253
137 9 1.0 0.181170126308877
137 9 1.0 0.19056758072513
137 9 1.0 0.182894023093702
137 9 1.0 0.195900637329753
137 9 1.0 0.167651988647799
137 9 1.0 0.239931493230863
137 9 1.0 0.199435136051776
137 9 1.0 0.172756550216924
137 9 1.0 0.207611704801493
137 9 1.0 0.173268339941765
167 9 1.0 0.242873231563772
167 9 1.0 0.142955911548384
167 9 1.0 0.138219322200419
167 9 1.0 0.17005997793935
167 9 1.0 0.171266427089403
167 9 1.0 0.182778611521081
167 9 1.0 0.212279159344464
167 9 1.0 0.164770251500868
167 9 1.0 0.211715604678823
198 9 1.0 0.132343038698372
198 9 1.0 0.175586951445247
198 9 1.0 0.12457967344631
198 9 1.0 0.089972029681323
198 9 1.0 0.0854579139642964
160 9 1.0 0.125333262128477
160 9 1.0 0.136100168035984
160 9 1.0 0.122392758323424
160 9 1.0 0.225318593861537
160 9 1.0 0.100881139011028
160 9 1.0 0.146440692812332
160 9 1.0 0.134379846863566
160 9 1.0 0.214289773002236
160 9 1.0 0.225110556056894
160 9 1.0 0.163758912964771
162 9 1.0 0.229798673958638
162 9 1.0 0.134762532515162
162 9 1.0 0.107874793483563
162 9 1.0 0.181811820372137
162 9 1.0 0.182261101048516
162 9 1.0 0.196139451549354
162 9 1.0 0.112258338212341
162 9 1.0 0.131932338268179
162 9 1.0 0.13579986118947
162 9 1.0 0.141255174964644
162 9 1.0 0.131559899360244
162 9 1.0 0.15633092036012
162 9 1.0 0.199865703989823
159 9 1.0 0.128383463460626
159 9 1.0 0.123311581666656
159 9 1.0 0.108874033815906
159 9 1.0 0.141328946656952
159 9 1.0 0.116201412961384
159 9 1.0 0.151445117514859
159 9 1.0 0.150394169270513
159 9 1.0 0.151391532764868
159 9 1.0 0.21911649199398
159 9 1.0 0.138047526073645
157 9 1.0 0.131660679785215
157 9 1.0 0.165402052532102
157 9 1.0 0.186651314449588
157 9 1.0 0.196189698153774
157 9 1.0 0.128279386462326
157 9 1.0 0.165561533055137
156 9 1.0 0.145625859775948
156 9 1.0 0.145749609288281
156 9 1.0 0.141961593683698
156 9 1.0 0.153354985566315
156 9 1.0 0.189323118950698
156 9 1.0 0.180174672999192
156 9 1.0 0.158454276359015
156 9 1.0 0.158471277952395
156 9 1.0 0.237740851095125
156 9 1.0 0.141803539547655
155 9 1.0 0.248368631672094
155 9 1.0 0.156438892284318
155 9 1.0 0.140359702919925
155 9 1.0 0.14753651766589
155 9 1.0 0.156674152819818
153 9 1.0 0.14938908315933
153 9 1.0 0.172619732265147
153 9 1.0 0.161168719362566
153 9 1.0 0.158608308921507
153 9 1.0 0.176371654194543
153 9 1.0 0.16657207910509
153 9 1.0 0.224492006027215
153 9 1.0 0.170393313599067
153 9 1.0 0.129352765610599
152 9 1.0 0.150931309358591
152 9 1.0 0.24230871946927
152 9 1.0 0.164058395746101
152 9 1.0 0.169028692627282
151 9 1.0 0.14995328239055
151 9 1.0 0.250380562560468
151 9 1.0 0.202308290976229
151 9 1.0 0.137100131448765
151 9 1.0 0.223138872271917
151 9 1.0 0.16834829318705
151 9 1.0 0.132574035205885
150 9 1.0 0.259943376938475
150 9 1.0 0.151919777787254
150 9 1.0 0.17994821225729
150 9 1.0 0.178747619482555
150 9 1.0 0.156569114051016
150 9 1.0 0.171507118112412
150 9 1.0 0.248584927391204
133 9 1.0 0.159320178388661
133 9 1.0 0.172732630063941
133 9 1.0 0.198148274940517
133 9 1.0 0.163550525802858
133 9 1.0 0.186797580647975
133 9 1.0 0.1685301480255
133 9 1.0 0.2077092115575
133 9 1.0 0.180071907716299
130 9 1.0 0.27910561919014
130 9 1.0 0.218232574792454
130 9 1.0 0.188587618456588
132 9 1.0 0.172663102644664
132 9 1.0 0.171997263277809
132 9 1.0 0.170658335295962
132 9 1.0 0.143335473712257
132 9 1.0 0.179891458489437
132 9 1.0 0.272956745553199
132 9 1.0 0.267218204129979
132 9 1.0 0.242760787924984
132 9 1.0 0.206864065321562
136 9 1.0 0.162756419446271
136 9 1.0 0.163804651203154
136 9 1.0 0.177062816774677
136 9 1.0 0.157982657288374
136 9 1.0 0.146164654786609
134 9 1.0 0.153335517544139
134 9 1.0 0.165688958972855
134 9 1.0 0.145338315902287
134 9 1.0 0.17806495683588
110 9 1.0 0.264436512332997
110 9 1.0 0.16308317350545
110 9 1.0 0.226557925117805
110 9 1.0 0.144266293427339
110 9 1.0 0.173218761754992
111 9 1.0 0.211313033371204
111 9 1.0 0.236387420568264
111 9 1.0 0.204771423083441
104 9 1.0 0.210411682220492
104 9 1.0 0.207878535807655
104 9 1.0 0.209328534018964
104 9 1.0 0.152949424785985
104 9 1.0 0.195404655508384
104 9 1.0 0.186110849173739
104 9 1.0 0.186171447172383
104 9 1.0 0.196900961284524
104 9 1.0 0.157182849462172
149 9 1.0 0.149762887498585
149 9 1.0 0.225252293809745
149 9 1.0 0.174265159043776
149 9 1.0 0.172004472186039
149 9 1.0 0.160974324966077
100 9 1.0 0.187183505256581
100 9 1.0 0.201987747884721
100 9 1.0 0.183418667591228
100 9 1.0 0.210274454604707
100 9 1.0 0.170222442346007
100 9 1.0 0.202827532699313
100 9 1.0 0.209649464223404
100 9 1.0 0.259832927581421
109 9 1.0 0.272093627508143
109 9 1.0 0.273575654017177
109 9 1.0 0.169844195107971
109 9 1.0 0.155304376812063
109 9 1.0 0.170212053761602
109 9 1.0 0.189789318906399
109 9 1.0 0.14299539866408
109 9 1.0 0.217796581177987
109 9 1.0 0.209050169972922
109 9 1.0 0.198241396146298
109 9 1.0 0.186884143210793
109 9 1.0 0.178326368026526
109 9 1.0 0.255515568493431
370 6 1.0 0.168406737907687
368 6 1.0 0.168051831407629
194 6 1.0 0.125929005172645
349 6 1.0 0.165400033611369
318 6 1.0 0.21840270137635
318 6 1.0 0.144570881869027
318 6 1.0 0.173716410155228
148 6 1.0 0.159720574513964
148 6 1.0 0.172217876394474
148 6 1.0 0.189272574881926
145 6 1.0 0.185935028834317
142 6 1.0 0.210846402210641
315 6 1.0 0.273148561340678
139 6 1.0 0.18273997279601
126 6 1.0 0.24770964792337
125 6 1.0 0.258835152456697
192 6 1.0 0.189100473529355
192 6 1.0 0.122340268319138
192 6 1.0 0.132606022700904
195 6 1.0 0.161181651672539
186 6 1.0 0.154321356380124
185 6 1.0 0.105996864752456
180 6 1.0 0.190921284966564
187 6 1.0 0.12204841047286
199 6 1.0 0.112487243289671
188 6 1.0 0.207067425643617
312 6 1.0 0.229979710060873
312 6 1.0 0.161706521976621
310 6 1.0 0.12641527118554
309 6 1.0 0.239929994502139
307 6 1.0 0.204784018015447
127 6 1.0 0.18486108733069
127 6 1.0 0.167347287008069
176 6 1.0 0.19929822134897
175 6 1.0 0.167318078292159
177 6 1.0 0.135376808127886
177 6 1.0 0.13056495459464
177 6 1.0 0.152848312954483
135 6 1.0 0.201792031104299
135 6 1.0 0.146163119842745
135 6 1.0 0.192276290812392
174 6 1.0 0.177119400596853
173 6 1.0 0.194376946773719
170 6 1.0 0.196791532080492
170 6 1.0 0.142615897532941
169 6 1.0 0.221131624952679
164 6 1.0 0.245599633400024
123 6 1.0 0.184477706248466
121 6 1.0 0.233967948882705
121 6 1.0 0.200057582780021
120 6 1.0 0.197394322524976
106 6 1.0 0.239558286052164
106 6 1.0 0.163207480390645
106 6 1.0 0.190254619199712
119 6 1.0 0.23866786239407
119 6 1.0 0.179058832394229
112 6 1.0 0.180524511573997
117 6 1.0 0.224831354697513
198 6 1.0 0.187636547627151
198 6 1.0 0.0999552190958227
160 6 1.0 0.144090693142718
157 6 1.0 0.170346075367284
155 6 1.0 0.167266638348612
153 6 1.0 0.195398463900628
153 6 1.0 0.134043519258099
151 6 1.0 0.195495730764586
133 6 1.0 0.158328499410725
133 6 1.0 0.197017226856105
130 6 1.0 0.186879755057076
130 6 1.0 0.265976866813542
136 6 1.0 0.138143435988355
110 6 1.0 0.210072474862846
110 6 1.0 0.178631170424371
110 6 1.0 0.174221794821363
111 6 1.0 0.221104220859478
104 6 1.0 0.223079584734432
149 6 1.0 0.131400785262212
100 6 1.0 0.233453775251914
100 6 1.0 0.171305120302367
100 6 1.0 0.213097618789165
109 6 1.0 0.148931150762602
370 5 1.0 0.151927068639646
370 5 1.0 0.136662066167857
369 5 1.0 0.155686831364606
368 5 1.0 0.118488171301621
194 5 1.0 0.142911912156586
194 5 1.0 0.127841352297889
366 5 1.0 0.144794593319572
363 5 1.0 0.188390812955914
363 5 1.0 0.19915014998603
349 5 1.0 0.161815541371341
148 5 1.0 0.215429701951917
146 5 1.0 0.184522605449247
146 5 1.0 0.201374127245464
146 5 1.0 0.169422730249813
145 5 1.0 0.157645485789621
142 5 1.0 0.183279801256654
141 5 1.0 0.210265203275571
141 5 1.0 0.211378224772274
129 5 1.0 0.204936310968294
129 5 1.0 0.216534387921591
140 5 1.0 0.183086950562129
315 5 1.0 0.213159409787784
315 5 1.0 0.219126945137264
315 5 1.0 0.201420603095358
315 5 1.0 0.215406764663825
314 5 1.0 0.190237346150291
314 5 1.0 0.196154463607489
314 5 1.0 0.195798284714333
314 5 1.0 0.193389446213624
139 5 1.0 0.197039007383126
139 5 1.0 0.208044220547275
126 5 1.0 0.208400617128078
126 5 1.0 0.183652064437214
125 5 1.0 0.188114150928065
125 5 1.0 0.192016657248851
192 5 1.0 0.170867490418096
360 5 1.0 0.108930230858991
360 5 1.0 0.124548574827073
360 5 1.0 0.114198089540293
360 5 1.0 0.146178852054732
195 5 1.0 0.104717660969679
186 5 1.0 0.123037084916694
186 5 1.0 0.115124100081784
185 5 1.0 0.118741748042093
185 5 1.0 0.11464312856475
183 5 1.0 0.143584940050884
183 5 1.0 0.127690428780941
183 5 1.0 0.120496594727142
183 5 1.0 0.116537267845027
180 5 1.0 0.125985605966216
180 5 1.0 0.129641925558001
180 5 1.0 0.138140430089537
180 5 1.0 0.131025930246512
180 5 1.0 0.142189928032489
187 5 1.0 0.144378009609645
199 5 1.0 0.126357337786573
188 5 1.0 0.145592627616027
312 5 1.0 0.195036186826208
312 5 1.0 0.188674812271592
312 5 1.0 0.178816342502572
310 5 1.0 0.16143875572429
306 5 1.0 0.174590942722466
309 5 1.0 0.180661724020388
308 5 1.0 0.161593668446184
308 5 1.0 0.214896154241097
307 5 1.0 0.161548548310049
127 5 1.0 0.192545696528201
128 5 1.0 0.168800066703595
128 5 1.0 0.225386125845027
128 5 1.0 0.180118722338012
176 5 1.0 0.141909646422209
175 5 1.0 0.162620787336092
175 5 1.0 0.152498754849094
135 5 1.0 0.180441887068314
135 5 1.0 0.178809085815073
135 5 1.0 0.166870016585687
135 5 1.0 0.219133363718098
174 5 1.0 0.129558817911547
173 5 1.0 0.173663345430249
173 5 1.0 0.138981408647287
173 5 1.0 0.126108871597636
172 5 1.0 0.150844030177706
172 5 1.0 0.129359204748975
172 5 1.0 0.132453509172175
171 5 1.0 0.139909783189898
170 5 1.0 0.180530111783788
169 5 1.0 0.158821020954594
169 5 1.0 0.152104647011667
169 5 1.0 0.155061677546403
190 5 1.0 0.173545188559604
190 5 1.0 0.14621007460789
190 5 1.0 0.165377276181206
166 5 1.0 0.175734612723703
164 5 1.0 0.173244081402722
163 5 1.0 0.179358657900897
163 5 1.0 0.161677656244646
123 5 1.0 0.183751524076829
123 5 1.0 0.17456023472939
107 5 1.0 0.185492980722246
107 5 1.0 0.194097892586055
107 5 1.0 0.172476571746384
121 5 1.0 0.190900318843573
121 5 1.0 0.197922418273907
121 5 1.0 0.182122296428598
121 5 1.0 0.185770319280752
121 5 1.0 0.185266626917538
143 5 1.0 0.188241509693627
143 5 1.0 0.178398670670101
120 5 1.0 0.176229042536427
106 5 1.0 0.170273460989126
119 5 1.0 0.194930568449833
112 5 1.0 0.194117931297936
118 5 1.0 0.199462149739145
118 5 1.0 0.191725592376019
118 5 1.0 0.208699971512055
118 5 1.0 0.184688453459754
117 5 1.0 0.180693423366926
137 5 1.0 0.205584909453006
137 5 1.0 0.181313577883789
167 5 1.0 0.160839812650718
160 5 1.0 0.148504778845322
160 5 1.0 0.132945027786809
162 5 1.0 0.148135790389671
162 5 1.0 0.153861987536562
162 5 1.0 0.139150153072097
162 5 1.0 0.157948318170428
162 5 1.0 0.128042784528138
159 5 1.0 0.150424231382797
159 5 1.0 0.128548685437326
159 5 1.0 0.134039305951935
159 5 1.0 0.151839665314187
157 5 1.0 0.162854697971287
157 5 1.0 0.164786497515712
157 5 1.0 0.150496770402207
156 5 1.0 0.173223905505967
153 5 1.0 0.16428104360501
152 5 1.0 0.152035501916112
151 5 1.0 0.167837719492178
151 5 1.0 0.148967799307587
130 5 1.0 0.196399664455459
130 5 1.0 0.169780581902576
130 5 1.0 0.177939376608159
136 5 1.0 0.175348236807197
136 5 1.0 0.152983530031664
134 5 1.0 0.177562280484262
134 5 1.0 0.161808854698229
104 5 1.0 0.197650321998882
149 5 1.0 0.156019371280281
149 5 1.0 0.174688941064278
100 5 1.0 0.195086738237516
109 5 1.0 0.177054209778263
109 5 1.0 0.187263558130819
109 5 1.0 0.193290293762198
146 4 1.0 0.127111737881269
126 4 1.0 0.157902497886914
312 4 1.0 0.149047847530594
171 4 1.0 0.0808103397069136
198 4 1.0 0.0678517872741392
198 4 1.0 0.0879395613793605
373 3 1.0 0.112923230031296
373 3 1.0 0.202194245432437
370 3 1.0 0.179935225960615
369 3 1.0 0.1981113561358
368 3 1.0 0.165248580148443
368 3 1.0 0.123311807721268
368 3 1.0 0.218022112246123
363 3 1.0 0.155654975958163
363 3 1.0 0.180964975280273
363 3 1.0 0.242548256806153
363 3 1.0 0.160096249360999
349 3 1.0 0.153357117471655
349 3 1.0 0.152270705905832
349 3 1.0 0.195577646797625
349 3 1.0 0.172639110380706
146 3 1.0 0.189463751486416
145 3 1.0 0.195111866147292
145 3 1.0 0.162839071445006
142 3 1.0 0.179995348638364
141 3 1.0 0.185892479347571
141 3 1.0 0.202945553744604
140 3 1.0 0.183121516222927
315 3 1.0 0.233976991776082
315 3 1.0 0.248863020169477
314 3 1.0 0.197811342172391
139 3 1.0 0.224813480147746
126 3 1.0 0.240830016607397
126 3 1.0 0.243764987387497
126 3 1.0 0.268124517612176
126 3 1.0 0.23924483532686
126 3 1.0 0.206751948263043
125 3 1.0 0.190587535696101
360 3 1.0 0.160357489711768
360 3 1.0 0.20122221358851
360 3 1.0 0.162098527936421
360 3 1.0 0.124080034703208
360 3 1.0 0.147121907608905
360 3 1.0 0.125909574662453
357 3 1.0 0.103491776774155
357 3 1.0 0.101755802160538
186 3 1.0 0.172372880810436
185 3 1.0 0.210101048890239
185 3 1.0 0.155116066423962
183 3 1.0 0.12091197124868
180 3 1.0 0.142500149832522
187 3 1.0 0.165403063580025
187 3 1.0 0.116819574794819
187 3 1.0 0.122766780614283
187 3 1.0 0.119712221998728
187 3 1.0 0.239580232159083
199 3 1.0 0.135299135851249
350 3 1.0 0.132080950776425
350 3 1.0 0.200161555347232
188 3 1.0 0.134189962884167
188 3 1.0 0.153348710594105
188 3 1.0 0.189916484248404
312 3 1.0 0.183950585724453
312 3 1.0 0.23738982406919
310 3 1.0 0.24100027510892
310 3 1.0 0.161243107504252
306 3 1.0 0.218245564811243
306 3 1.0 0.191363050502609
309 3 1.0 0.15288626514059
308 3 1.0 0.154555232453876
308 3 1.0 0.203165154350017
127 3 1.0 0.225392025014469
128 3 1.0 0.162631975586052
128 3 1.0 0.170021120115181
176 3 1.0 0.222619590261639
175 3 1.0 0.191096560694812
177 3 1.0 0.244485276859684
135 3 1.0 0.142488985701072
135 3 1.0 0.256475557297431
135 3 1.0 0.182633537571177
174 3 1.0 0.117753367831612
174 3 1.0 0.163393066484424
172 3 1.0 0.223396108775161
172 3 1.0 0.217840682593792
171 3 1.0 0.138415499462472
171 3 1.0 0.176373918684358
170 3 1.0 0.13391145084914
170 3 1.0 0.173161130445448
169 3 1.0 0.178693004677836
190 3 1.0 0.259559756205454
166 3 1.0 0.153688456395931
166 3 1.0 0.190046165823734
164 3 1.0 0.260952436961204
164 3 1.0 0.17727148943252
163 3 1.0 0.166405739372104
121 3 1.0 0.199147348456202
121 3 1.0 0.267854281117156
121 3 1.0 0.175338844916974
143 3 1.0 0.191601182716645
120 3 1.0 0.170049994848515
120 3 1.0 0.229165982413784
106 3 1.0 0.226327476974842
119 3 1.0 0.275334445643901
112 3 1.0 0.242745761096468
112 3 1.0 0.250195163617623
118 3 1.0 0.289170879312178
117 3 1.0 0.219022436805913
117 3 1.0 0.197888113717199
117 3 1.0 0.289457730531302
167 3 1.0 0.144979062292112
167 3 1.0 0.143834351425094
167 3 1.0 0.154651547689578
198 3 1.0 0.151213086363824
198 3 1.0 0.124163872630133
198 3 1.0 0.206833695073549
160 3 1.0 0.134460465410189
160 3 1.0 0.174976636806764
160 3 1.0 0.154601424154782
160 3 1.0 0.143416967418052
157 3 1.0 0.135697521876425
157 3 1.0 0.148568169264543
157 3 1.0 0.147528546182281
157 3 1.0 0.147859468347958
156 3 1.0 0.167082301398347
155 3 1.0 0.148272717334615
152 3 1.0 0.188331575737176
152 3 1.0 0.175086113472766
152 3 1.0 0.209864923634186
151 3 1.0 0.207549200044543
151 3 1.0 0.178595501854317
133 3 1.0 0.156589799373681
133 3 1.0 0.178741224633998
130 3 1.0 0.274246866706794
130 3 1.0 0.260135561083203
132 3 1.0 0.258831612127782
134 3 1.0 0.159543320395831
134 3 1.0 0.205965805343193
110 3 1.0 0.147158307441228
110 3 1.0 0.145322537632645
104 3 1.0 0.159176130160377
104 3 1.0 0.161149099482356
104 3 1.0 0.218427475570658
315 2 1.0 0.178593176280146
126 2 1.0 0.170149198146667
155 2 1.0 0.135175047076836
111 2 1.0 0.20187309176207
145 1 1.0 0.131918661688785
306 1 1.0 0.152393654172555
173 1 1.0 0.0903435300735984
373 0 1.0 0.200451013933232
368 0 1.0 0.127644213839039
194 0 1.0 0.09770063765438
194 0 1.0 0.151718081760404
194 0 1.0 0.162240699271261
363 0 1.0 0.118144954935131
349 0 1.0 0.146879242934853
349 0 1.0 0.12891196518166
318 0 1.0 0.190619387161013
148 0 1.0 0.277037310492399
148 0 1.0 0.26605864311426
148 0 1.0 0.21798524157673
145 0 1.0 0.161182626094476
145 0 1.0 0.216721726516374
129 0 1.0 0.191458705040707
140 0 1.0 0.186022649748654
140 0 1.0 0.164241013594485
140 0 1.0 0.195500440119904
139 0 1.0 0.223819221165696
139 0 1.0 0.172571595704156
139 0 1.0 0.172305773645283
125 0 1.0 0.295456062140587
125 0 1.0 0.292825933828285
125 0 1.0 0.273237649951363
125 0 1.0 0.174593333902668
192 0 1.0 0.179970938878209
360 0 1.0 0.17183268267431
360 0 1.0 0.0894817151409067
357 0 1.0 0.206550622440526
195 0 1.0 0.0870573750123859
195 0 1.0 0.106021078061614
185 0 1.0 0.123692121313084
183 0 1.0 0.159890174162925
183 0 1.0 0.152518906414745
180 0 1.0 0.108986612303565
187 0 1.0 0.231750897559328
199 0 1.0 0.10108794603348
199 0 1.0 0.171298760264713
350 0 1.0 0.139650373421521
350 0 1.0 0.230150602480053
312 0 1.0 0.196367579230709
312 0 1.0 0.200027605161164
312 0 1.0 0.160081282753269
312 0 1.0 0.28217634746399
310 0 1.0 0.167102747921124
310 0 1.0 0.228747630530882
310 0 1.0 0.187060879881128
309 0 1.0 0.173859680109154
309 0 1.0 0.156715437002118
127 0 1.0 0.277477550492789
127 0 1.0 0.242190178127023
128 0 1.0 0.215398984718892
176 0 1.0 0.225294889316185
176 0 1.0 0.127437480649412
175 0 1.0 0.254322526931134
175 0 1.0 0.185608834714982
135 0 1.0 0.207395876475748
172 0 1.0 0.101225703579595
172 0 1.0 0.211322314550643
172 0 1.0 0.153196319866005
171 0 1.0 0.148855362077385
171 0 1.0 0.107044402916826
170 0 1.0 0.114374914786901
170 0 1.0 0.10864587883977
169 0 1.0 0.168732321929635
190 0 1.0 0.129965383827355
166 0 1.0 0.139801613593232
164 0 1.0 0.135240415365076
164 0 1.0 0.135503506547197
164 0 1.0 0.141794767624757
164 0 1.0 0.154774619480528
164 0 1.0 0.165023521177424
164 0 1.0 0.167283458113761
163 0 1.0 0.225650075934733
163 0 1.0 0.203054991362779
123 0 1.0 0.152978457086993
121 0 1.0 0.152636792935188
121 0 1.0 0.279702958674079
121 0 1.0 0.262417688453988
121 0 1.0 0.14705467588666
143 0 1.0 0.173049290216478
143 0 1.0 0.156605833893387
143 0 1.0 0.268208296869147
143 0 1.0 0.236425771646343
143 0 1.0 0.201551803304048
106 0 1.0 0.177546933163167
106 0 1.0 0.207326383449246
118 0 1.0 0.160320557172948
118 0 1.0 0.174523555372065
118 0 1.0 0.161229605963003
118 0 1.0 0.216245385474834
118 0 1.0 0.159500206660607
117 0 1.0 0.170647937841192
117 0 1.0 0.183670260756622
117 0 1.0 0.162480131571629
117 0 1.0 0.183596038768486
117 0 1.0 0.176029704350702
137 0 1.0 0.157586261544811
137 0 1.0 0.292269895203748
137 0 1.0 0.197082384691084
167 0 1.0 0.162173010713532
167 0 1.0 0.116793900755477
167 0 1.0 0.144313857576804
198 0 1.0 0.0983785186582887
160 0 1.0 0.0996809717213146
160 0 1.0 0.101410184879144
160 0 1.0 0.155373146240115
159 0 1.0 0.10806477823921
159 0 1.0 0.23064705405366
159 0 1.0 0.173754991193591
159 0 1.0 0.17267978632214
159 0 1.0 0.119785880619717
157 0 1.0 0.159918618991682
156 0 1.0 0.163116745549965
156 0 1.0 0.181765096253874
156 0 1.0 0.246966977244947
155 0 1.0 0.127506579718812
152 0 1.0 0.116335899651875
151 0 1.0 0.210783373043608
150 0 1.0 0.174023033147997
150 0 1.0 0.144872367772109
150 0 1.0 0.158864669643724
133 0 1.0 0.145960573585286
133 0 1.0 0.257326634033316
133 0 1.0 0.172649664037424
130 0 1.0 0.27835017356059
130 0 1.0 0.272502765081133
132 0 1.0 0.159906374866971
136 0 1.0 0.135585929126077
136 0 1.0 0.26887548749516
136 0 1.0 0.205331439125983
104 0 1.0 0.184791866206382
149 0 1.0 0.130035926495748
149 0 1.0 0.160609157555799
149 0 1.0 0.187488687236179
100 0 1.0 0.189032634463239
109 0 1.0 0.165888637477107
291 9 1.0 0.162201594116357
227 9 1.0 0.219705225277173
277 9 1.0 0.241959170891829
277 9 1.0 0.173819569570141
236 9 1.0 0.166437764042345
236 9 1.0 0.164647179711818
236 9 1.0 0.173294056700233
231 9 1.0 0.200218688271788
231 9 1.0 0.18594273383988
276 9 1.0 0.166334613779999
281 9 1.0 0.155899652019553
292 9 1.0 0.145447171153518
292 9 1.0 0.141130488101498
237 9 1.0 0.191218338155116
237 9 1.0 0.175219988009694
226 9 1.0 0.258064317050233
226 9 1.0 0.251966177394369
230 9 1.0 0.182263401173563
262 9 1.0 0.233106455478028
206 9 1.0 0.28008991514115
255 9 1.0 0.165821662093135
201 9 1.0 0.199343447782156
291 6 1.0 0.213256320640181
227 6 1.0 0.225321573501279
277 6 1.0 0.230047275288247
280 6 1.0 0.168063478443569
231 6 1.0 0.246566671120078
276 6 1.0 0.189933654328488
276 6 1.0 0.194491682478978
276 6 1.0 0.132917426649286
285 6 1.0 0.191894457488706
285 6 1.0 0.172344226789561
285 6 1.0 0.170690121368369
285 6 1.0 0.0892812407841421
232 6 1.0 0.211971883225329
282 6 1.0 0.17274609820245
282 6 1.0 0.204728996210767
239 6 1.0 0.239446830435279
235 6 1.0 0.137785271763982
264 6 1.0 0.109913235781373
226 6 1.0 0.257265039042665
230 6 1.0 0.129152085018327
272 6 1.0 0.116089203073508
262 6 1.0 0.151618874915796
262 6 1.0 0.105136895431116
287 5 1.0 0.152207390734567
287 5 1.0 0.098646659615526
277 5 1.0 0.17640480280124
277 5 1.0 0.14297281931204
277 5 1.0 0.141301182492493
236 5 1.0 0.164539231042927
278 5 1.0 0.133136788756232
231 5 1.0 0.209123000962092
276 5 1.0 0.163183391371443
285 5 1.0 0.154265071279515
285 5 1.0 0.130930003944364
285 5 1.0 0.0998808232411387
281 5 1.0 0.149612757846144
281 5 1.0 0.115065099068717
283 5 1.0 0.125312052876698
283 5 1.0 0.139083637822964
232 5 1.0 0.207330067277022
232 5 1.0 0.208192094358606
282 5 1.0 0.144154099963794
292 5 1.0 0.143662426239231
292 5 1.0 0.148272524437447
275 5 1.0 0.168439267274193
235 5 1.0 0.164063680227433
225 5 1.0 0.176605267321687
230 5 1.0 0.154389980983742
272 5 1.0 0.120357988586007
272 5 1.0 0.0876098030624961
279 5 1.0 0.146435411857535
262 5 1.0 0.158646902596706
262 5 1.0 0.130057816164872
206 5 1.0 0.201063840347363
206 5 1.0 0.173523590855246
206 5 1.0 0.187578727107676
206 5 1.0 0.188824672737445
234 5 1.0 0.1633746301807
255 5 1.0 0.141297333001564
201 5 1.0 0.202016929078444
201 5 1.0 0.217239604827025
290 3 1.0 0.121353632610304
290 3 1.0 0.126563147537581
291 3 1.0 0.196154100046392
291 3 1.0 0.100424404882601
291 3 1.0 0.104302146113778
291 3 1.0 0.112954863749823
291 3 1.0 0.172678563341113
227 3 1.0 0.254924601764174
227 3 1.0 0.249814674387169
227 3 1.0 0.158726958233626
287 3 1.0 0.188509068346772
287 3 1.0 0.116888916240517
287 3 1.0 0.100467150076686
287 3 1.0 0.136282479167292
287 3 1.0 0.136918140278085
287 3 1.0 0.139480829793499
233 3 1.0 0.128324154713775
277 3 1.0 0.113785580392085
277 3 1.0 0.176619755040244
277 3 1.0 0.175463153388748
284 3 1.0 0.186632744522157
284 3 1.0 0.0928636049261629
280 3 1.0 0.216536674080283
280 3 1.0 0.199322539116686
280 3 1.0 0.119266645902591
280 3 1.0 0.100516502596146
280 3 1.0 0.0948919917357521
280 3 1.0 0.182408443370526
280 3 1.0 0.160383682963245
280 3 1.0 0.135031055176893
228 3 1.0 0.214292607368078
236 3 1.0 0.232035376466633
236 3 1.0 0.217574569421171
236 3 1.0 0.17830263912459
236 3 1.0 0.178041832027085
278 3 1.0 0.204194539316034
278 3 1.0 0.209902473014523
231 3 1.0 0.146801827528614
231 3 1.0 0.155651196541977
231 3 1.0 0.192835594952524
231 3 1.0 0.135870940667218
286 3 1.0 0.0873656368751614
286 3 1.0 0.125888201931706
285 3 1.0 0.103515944151891
281 3 1.0 0.135721054782308
281 3 1.0 0.113817813406962
283 3 1.0 0.16499203107821
232 3 1.0 0.221331455503637
232 3 1.0 0.184989121791802
282 3 1.0 0.101529389004876
282 3 1.0 0.171952042832654
282 3 1.0 0.221906376875189
239 3 1.0 0.154111598046569
239 3 1.0 0.239339331284359
239 3 1.0 0.154896576691844
239 3 1.0 0.152209523916983
292 3 1.0 0.0958813296168549
295 3 1.0 0.09382207015621
229 3 1.0 0.237660153437871
229 3 1.0 0.155083761058012
275 3 1.0 0.227161574646263
275 3 1.0 0.225916892449395
275 3 1.0 0.126377131140967
275 3 1.0 0.116346676562027
235 3 1.0 0.213278660060417
225 3 1.0 0.208809395094002
225 3 1.0 0.201632675681414
225 3 1.0 0.169650605413018
225 3 1.0 0.287138794331137
264 3 1.0 0.12546112334919
264 3 1.0 0.108146222627009
264 3 1.0 0.15878427823185
226 3 1.0 0.151775661569526
226 3 1.0 0.207233539798945
230 3 1.0 0.233378046743786
230 3 1.0 0.143011081280705
272 3 1.0 0.0735860226501521
272 3 1.0 0.0729436962905922
272 3 1.0 0.059848009109544
279 3 1.0 0.204977105900489
279 3 1.0 0.0985059483641742
279 3 1.0 0.113476908121298
262 3 1.0 0.203313974529289
262 3 1.0 0.114764430051876
206 3 1.0 0.253731649463688
206 3 1.0 0.202349410953598
255 3 1.0 0.203673381331548
255 3 1.0 0.193800893801817
255 3 1.0 0.151541428581628
255 3 1.0 0.0877638019328053
255 3 1.0 0.208961382653258
255 3 1.0 0.15115093758903
255 3 1.0 0.170121557502612
255 3 1.0 0.0909297956322008
201 3 1.0 0.158117555257568
201 3 1.0 0.181555990407985
251 3 1.0 0.124222947928723
290 2 1.0 0.132742471229245
291 2 1.0 0.164134162831579
227 2 1.0 0.177674020706262
227 2 1.0 0.156655473965436
227 2 1.0 0.173926382245713
287 2 1.0 0.132197203422835
287 2 1.0 0.084331644572961
233 2 1.0 0.154893098273274
277 2 1.0 0.115993059341404
284 2 1.0 0.118595953692636
284 2 1.0 0.111349541246674
284 2 1.0 0.10483040742937
284 2 1.0 0.138538282330459
284 2 1.0 0.096749789927383
228 2 1.0 0.178433933570729
228 2 1.0 0.146414004745075
236 2 1.0 0.143362168767435
236 2 1.0 0.145657617694957
278 2 1.0 0.142805407172574
278 2 1.0 0.138190672439897
278 2 1.0 0.13767904466178
231 2 1.0 0.142849648484072
231 2 1.0 0.17988296784676
231 2 1.0 0.164767765412481
276 2 1.0 0.144295905949498
276 2 1.0 0.114758419696811
285 2 1.0 0.120000702136024
281 2 1.0 0.1391662757695
281 2 1.0 0.115552095593338
232 2 1.0 0.172961252381387
282 2 1.0 0.127549691268913
282 2 1.0 0.100783126639077
239 2 1.0 0.179778440911504
239 2 1.0 0.178464715171848
239 2 1.0 0.147638886037395
239 2 1.0 0.173104716577744
292 2 1.0 0.126820900572348
295 2 1.0 0.102196599928062
229 2 1.0 0.146794740083448
229 2 1.0 0.169280323013062
229 2 1.0 0.148224063440406
275 2 1.0 0.112557311213389
235 2 1.0 0.156681035639325
235 2 1.0 0.178442980680741
235 2 1.0 0.114356790046668
225 2 1.0 0.185287979291297
264 2 1.0 0.126101700549223
264 2 1.0 0.0990060552653087
264 2 1.0 0.160202271843266
226 2 1.0 0.182108781767042
226 2 1.0 0.183527037518656
272 2 1.0 0.104902181384664
272 2 1.0 0.098599987091295
272 2 1.0 0.113968108187978
262 2 1.0 0.149288861043476
262 2 1.0 0.14155308428158
262 2 1.0 0.120411453763233
206 2 1.0 0.178986868464331
206 2 1.0 0.179138582080288
206 2 1.0 0.21103230190398
234 2 1.0 0.167332120502896
234 2 1.0 0.136819391342818
255 2 1.0 0.133483935930983
255 2 1.0 0.107870425859364
255 2 1.0 0.10292205222977
255 2 1.0 0.128268897319139
201 2 1.0 0.15588355897632
291 1 1.0 0.118170651965037
277 1 1.0 0.138569731774291
231 1 1.0 0.169039909235217
276 1 1.0 0.14474998010553
239 1 1.0 0.156898133386254
292 1 1.0 0.116945518158683
272 1 1.0 0.100104923185195
290 0 1.0 0.131275856377108
290 0 1.0 0.129238082905649
290 0 1.0 0.135995611730237
290 0 1.0 0.134060648824241
290 0 1.0 0.112542822055219
290 0 1.0 0.146124360765107
290 0 1.0 0.0991506831094548
290 0 1.0 0.237505961054665
291 0 1.0 0.213837609896314
291 0 1.0 0.138752486188888
291 0 1.0 0.236888242965978
291 0 1.0 0.143501786775933
227 0 1.0 0.164013463783164
227 0 1.0 0.248404078584624
227 0 1.0 0.158667423717706
227 0 1.0 0.187579290357943
227 0 1.0 0.167307053543135
227 0 1.0 0.221385130847826
227 0 1.0 0.194000691528886
227 0 1.0 0.174534252634286
227 0 1.0 0.148089479881633
287 0 1.0 0.0959791035661976
287 0 1.0 0.113115962756373
287 0 1.0 0.119930982049279
287 0 1.0 0.0934357963171037
287 0 1.0 0.19524767650444
233 0 1.0 0.252238517348729
233 0 1.0 0.146980571630014
233 0 1.0 0.192466662624523
277 0 1.0 0.2256490172235
277 0 1.0 0.150588788489718
277 0 1.0 0.248180931243591
277 0 1.0 0.115698298947157
284 0 1.0 0.212988300183668
284 0 1.0 0.143281213244218
284 0 1.0 0.161896894010554
284 0 1.0 0.115711853856628
284 0 1.0 0.0941279373262049
280 0 1.0 0.0988871069612136
280 0 1.0 0.110838645262077
280 0 1.0 0.200984593985498
280 0 1.0 0.111333809683834
280 0 1.0 0.144977454128957
280 0 1.0 0.11689903866405
280 0 1.0 0.112946592764107
280 0 1.0 0.150424051758636
280 0 1.0 0.150941021986668
280 0 1.0 0.130806186667356
280 0 1.0 0.136384194940456
280 0 1.0 0.109150819226032
280 0 1.0 0.120953922548234
280 0 1.0 0.22919548777528
280 0 1.0 0.244217029158815
228 0 1.0 0.199663288798976
228 0 1.0 0.168621823071034
228 0 1.0 0.20514053193339
228 0 1.0 0.286668875004244
236 0 1.0 0.118954238708846
236 0 1.0 0.158550577718135
236 0 1.0 0.211583242512099
236 0 1.0 0.199732857508766
278 0 1.0 0.211701521411506
278 0 1.0 0.123847654370849
278 0 1.0 0.166174387096776
231 0 1.0 0.255594960643778
231 0 1.0 0.239694746970474
231 0 1.0 0.152639378791404
231 0 1.0 0.177941960565639
231 0 1.0 0.137317659777211
231 0 1.0 0.136964984084337
231 0 1.0 0.139082256869379
231 0 1.0 0.193515327853823
231 0 1.0 0.15308259496022
231 0 1.0 0.26825669224965
231 0 1.0 0.271053303079414
276 0 1.0 0.221011249737875
276 0 1.0 0.212504702781005
276 0 1.0 0.143483599135539
276 0 1.0 0.181594849341873
286 0 1.0 0.191801012302595
286 0 1.0 0.192764984313243
286 0 1.0 0.124227028468375
286 0 1.0 0.121562076581663
286 0 1.0 0.0923580852984131
285 0 1.0 0.107203865907426
285 0 1.0 0.111595901344713
285 0 1.0 0.146482340548242
285 0 1.0 0.170733890704771
285 0 1.0 0.195798297494937
281 0 1.0 0.112809627090667
281 0 1.0 0.118060980077509
281 0 1.0 0.196764684513828
281 0 1.0 0.127010644461252
283 0 1.0 0.205825454976513
283 0 1.0 0.101311639715915
283 0 1.0 0.129403328583194
283 0 1.0 0.128115560164163
283 0 1.0 0.115572929756598
283 0 1.0 0.152283854186877
283 0 1.0 0.121375067903851
232 0 1.0 0.237461804524971
232 0 1.0 0.197482432048151
232 0 1.0 0.183413950880962
232 0 1.0 0.156302886063572
282 0 1.0 0.217872654355917
282 0 1.0 0.0964631086042857
282 0 1.0 0.130199132657438
282 0 1.0 0.11590236466974
282 0 1.0 0.166481280067031
282 0 1.0 0.099677905605867
239 0 1.0 0.274722710346302
239 0 1.0 0.274474966937629
239 0 1.0 0.152281339989453
239 0 1.0 0.173920609998418
239 0 1.0 0.225932176121614
239 0 1.0 0.214867093656013
239 0 1.0 0.193033335038681
239 0 1.0 0.150542338652421
292 0 1.0 0.0955392241261959
292 0 1.0 0.120356871308769
292 0 1.0 0.189196947150551
292 0 1.0 0.182260410652565
292 0 1.0 0.174768085873652
292 0 1.0 0.115421920645663
292 0 1.0 0.112532294938259
237 0 1.0 0.249765405252553
237 0 1.0 0.229945412885886
237 0 1.0 0.142198028393779
237 0 1.0 0.128151605461536
237 0 1.0 0.166286352175382
237 0 1.0 0.140987292125996
237 0 1.0 0.148773208879691
237 0 1.0 0.148021638880058
237 0 1.0 0.242453976581654
237 0 1.0 0.238457428905627
237 0 1.0 0.269102722771347
295 0 1.0 0.189957603730154
295 0 1.0 0.116531421203836
295 0 1.0 0.116564619925103
229 0 1.0 0.265145225011269
229 0 1.0 0.25007257675876
229 0 1.0 0.144449023082589
229 0 1.0 0.159334881157091
275 0 1.0 0.125815521268463
275 0 1.0 0.132439608552174
275 0 1.0 0.127059598794807
275 0 1.0 0.173686834719829
275 0 1.0 0.206978122297446
275 0 1.0 0.217653353603583
275 0 1.0 0.252901375105462
235 0 1.0 0.239446757829417
235 0 1.0 0.16326597333371
235 0 1.0 0.151797766394302
235 0 1.0 0.233002044853026
225 0 1.0 0.200519000485396
225 0 1.0 0.172170199439383
225 0 1.0 0.177508778697821
225 0 1.0 0.202034955598685
225 0 1.0 0.297040523355611
264 0 1.0 0.204302056695847
264 0 1.0 0.116459621580439
264 0 1.0 0.126719955796361
264 0 1.0 0.128495390644165
264 0 1.0 0.139286578041521
264 0 1.0 0.155458544331837
264 0 1.0 0.164583805015431
264 0 1.0 0.222289095397641
264 0 1.0 0.147597026663203
264 0 1.0 0.131396761116228
264 0 1.0 0.236064500024397
226 0 1.0 0.25655228200529
226 0 1.0 0.188551465431793
226 0 1.0 0.165892888406352
226 0 1.0 0.170013874498408
226 0 1.0 0.225533391067467
226 0 1.0 0.291407532254013
230 0 1.0 0.25130950197528
230 0 1.0 0.144934044342696
230 0 1.0 0.172822172311055
230 0 1.0 0.137619972985832
230 0 1.0 0.194010217917735
230 0 1.0 0.18630844901651
230 0 1.0 0.223053881003043
230 0 1.0 0.209149676236189
272 0 1.0 0.169731531466285
272 0 1.0 0.0770275620422601
272 0 1.0 0.0855851960996942
272 0 1.0 0.0874575377491572
272 0 1.0 0.0840273441302523
272 0 1.0 0.0891891006119279
279 0 1.0 0.230170056931731
279 0 1.0 0.11528512395057
279 0 1.0 0.131076591821585
279 0 1.0 0.116787825120869
279 0 1.0 0.148223898844044
279 0 1.0 0.130049350901365
279 0 1.0 0.140279054053893
279 0 1.0 0.131789204156976
262 0 1.0 0.215508337396257
262 0 1.0 0.130593735343715
262 0 1.0 0.175166782342664
262 0 1.0 0.147941856545844
262 0 1.0 0.159675671891258
262 0 1.0 0.246824710773443
206 0 1.0 0.258220297417895
206 0 1.0 0.15733715388831
206 0 1.0 0.211711961922394
206 0 1.0 0.157104167584455
206 0 1.0 0.221246703987066
206 0 1.0 0.212309057225168
234 0 1.0 0.150569445357438
234 0 1.0 0.184691796950878
234 0 1.0 0.209316066749852
255 0 1.0 0.212557035312436
255 0 1.0 0.125177190348107
255 0 1.0 0.168991106204132
255 0 1.0 0.170132769344413
255 0 1.0 0.126650313715348
255 0 1.0 0.107756130792201
201 0 1.0 0.154566001520611
201 0 1.0 0.153337876132861
201 0 1.0 0.164217351386929
201 0 1.0 0.183894757212025
201 0 1.0 0.166169185403715
201 0 1.0 0.170138131208941
201 0 1.0 0.174617841270247
201 0 1.0 0.285242882978562
251 0 1.0 0.216595066835743
251 0 1.0 0.126324825304555
251 0 1.0 0.144849240291795
251 0 1.0 0.155808520845291
251 0 1.0 0.127240125865783
251 0 1.0 0.178569304588968
378 8 1.0 0.0795889032102585
242 8 1.0 0.0890670896990592
324 8 1.0 0.0668295367364542
324 8 1.0 0.097176210530688
304 8 1.0 0.0727859604639083
249 8 1.0 0.0871015527225005
378 7 1.0 0.0747673642224769
378 7 1.0 0.0742675846409577
378 7 1.0 0.0607861005315131
378 7 1.0 0.0929060904000513
378 7 1.0 0.0991183647829901
378 7 1.0 0.10730258530829
378 7 1.0 0.0978751567382286
378 7 1.0 0.101024731709312
384 7 1.0 0.0924032130406924
384 7 1.0 0.0693408482045546
384 7 1.0 0.0650243161128336
384 7 1.0 0.0398125250126351
384 7 1.0 0.0586551916370538
384 7 1.0 0.0631481932169695
384 7 1.0 0.076998598029084
384 7 1.0 0.07145937139574
384 7 1.0 0.0668194001789164
379 7 1.0 0.100202992514644
379 7 1.0 0.103487880187714
379 7 1.0 0.0955665011669614
379 7 1.0 0.079111489042965
379 7 1.0 0.0438314501282678
379 7 1.0 0.0496697938388996
379 7 1.0 0.0940572970118543
379 7 1.0 0.0941850699081147
379 7 1.0 0.0658450125667814
379 7 1.0 0.0736689753599901
379 7 1.0 0.112270621585388
379 7 1.0 0.105950060249513
379 7 1.0 0.0931957529524234
379 7 1.0 0.064993183417827
380 7 1.0 0.103221323439192
380 7 1.0 0.0797168607875111
380 7 1.0 0.050498881910398
380 7 1.0 0.0490123411545838
380 7 1.0 0.105665172579539
380 7 1.0 0.0763521082424222
380 7 1.0 0.0850062689633035
380 7 1.0 0.11256828375908
380 7 1.0 0.100497490959528
380 7 1.0 0.0955707617845225
331 7 1.0 0.0743954136374642
331 7 1.0 0.0762331314035859
331 7 1.0 0.0651363571666076
331 7 1.0 0.0837575465545631
331 7 1.0 0.114777893245165
331 7 1.0 0.109110097632375
336 7 1.0 0.109250600519656
336 7 1.0 0.0891241124063972
336 7 1.0 0.102492269476767
336 7 1.0 0.0791507586327841
336 7 1.0 0.0781902806266485
336 7 1.0 0.0625361259051433
336 7 1.0 0.0615594866020595
336 7 1.0 0.0846945875566899
336 7 1.0 0.0501323153209567
336 7 1.0 0.0538663486582626
336 7 1.0 0.099330134628523
336 7 1.0 0.0517688301612267
336 7 1.0 0.0976936056377031
336 7 1.0 0.0882173012120931
328 7 1.0 0.142373523751286
328 7 1.0 0.0849488028371251
328 7 1.0 0.0852354915008672
328 7 1.0 0.108555860127328
328 7 1.0 0.0792962600793405
328 7 1.0 0.116109344929888
328 7 1.0 0.0636907556398405
328 7 1.0 0.0615891198848221
328 7 1.0 0.137959031142539
376 7 1.0 0.0928277309315702
376 7 1.0 0.0598990033014425
376 7 1.0 0.0781163434789742
376 7 1.0 0.0942047511397176
376 7 1.0 0.0653778641714226
382 7 1.0 0.0888738056499959
382 7 1.0 0.0837284570313762
382 7 1.0 0.0813900485849045
382 7 1.0 0.0759888013848085
382 7 1.0 0.071726590423972
382 7 1.0 0.0512475772585255
382 7 1.0 0.0523724800170503
382 7 1.0 0.0886695847968561
382 7 1.0 0.0756402251788593
382 7 1.0 0.0875764405359803
382 7 1.0 0.0694598437170486
382 7 1.0 0.0699315285568208
382 7 1.0 0.074083832184927
289 7 1.0 0.0890051823283685
289 7 1.0 0.09000221230844
289 7 1.0 0.101703908373763
289 7 1.0 0.10089856659043
289 7 1.0 0.081305447476244
289 7 1.0 0.0579623583448389
289 7 1.0 0.0474468886793702
289 7 1.0 0.0644040610654382
289 7 1.0 0.0672036581753552
289 7 1.0 0.0678166291739997
289 7 1.0 0.0871124136304399
289 7 1.0 0.0795879998225675
289 7 1.0 0.117999835716753
289 7 1.0 0.103110376001146
289 7 1.0 0.0984115945604678
246 7 1.0 0.0614493323774815
246 7 1.0 0.126852153539806
246 7 1.0 0.119989455240544
246 7 1.0 0.126537235376423
246 7 1.0 0.0670083183965106
246 7 1.0 0.0935604795760168
246 7 1.0 0.0951815887110023
246 7 1.0 0.138435232903207
246 7 1.0 0.0771795917065171
293 7 1.0 0.110592167804766
293 7 1.0 0.0958822233645108
293 7 1.0 0.0877118650604962
293 7 1.0 0.0920373276404166
293 7 1.0 0.0681989612960377
293 7 1.0 0.0852133157780473
293 7 1.0 0.0537797208252028
293 7 1.0 0.0541888764467598
293 7 1.0 0.0953799596825303
293 7 1.0 0.0691458783624942
293 7 1.0 0.0615118686697578
248 7 1.0 0.109961099249018
248 7 1.0 0.137611330872913
248 7 1.0 0.119880660746554
248 7 1.0 0.125784963320777
248 7 1.0 0.103193669335653
248 7 1.0 0.0864528438901272
248 7 1.0 0.0901493400747381
248 7 1.0 0.0784350344414308
248 7 1.0 0.105870795665119
248 7 1.0 0.0569834516954063
248 7 1.0 0.127094409739839
248 7 1.0 0.119673217310493
248 7 1.0 0.0977539612020088
248 7 1.0 0.14454941443321
248 7 1.0 0.0816906179164817
248 7 1.0 0.141972604623005
248 7 1.0 0.141542813016069
248 7 1.0 0.102531967113975
243 7 1.0 0.133353410752611
243 7 1.0 0.110495391441012
243 7 1.0 0.0626033122789121
243 7 1.0 0.0873021004784694
243 7 1.0 0.0579039673106839
243 7 1.0 0.0925699394947953
245 7 1.0 0.133019956689483
245 7 1.0 0.133048237971815
245 7 1.0 0.107627263168215
245 7 1.0 0.129879158519683
245 7 1.0 0.0965022313556698
245 7 1.0 0.123229411469667
245 7 1.0 0.0682750611210623
245 7 1.0 0.068924409783425
245 7 1.0 0.123933356725361
245 7 1.0 0.106682506774828
242 7 1.0 0.142411852854293
242 7 1.0 0.0995494725549868
242 7 1.0 0.10056252217293
242 7 1.0 0.135574820043127
242 7 1.0 0.121015713218157
242 7 1.0 0.155432503822752
242 7 1.0 0.12097274633506
242 7 1.0 0.119078123317659
242 7 1.0 0.0771371164270777
298 7 1.0 0.0957608709581504
298 7 1.0 0.098258693527185
298 7 1.0 0.084448744268326
298 7 1.0 0.0846590680333054
298 7 1.0 0.0975449834916294
298 7 1.0 0.0896540876892998
298 7 1.0 0.0896914894394378
298 7 1.0 0.0936297938480137
298 7 1.0 0.0939037506909476
298 7 1.0 0.0872053445794904
298 7 1.0 0.0844561585745392
241 7 1.0 0.134256574446198
241 7 1.0 0.11696449125972
241 7 1.0 0.0984388129375349
241 7 1.0 0.119613480526156
238 7 1.0 0.172661787738515
238 7 1.0 0.152462951137979
238 7 1.0 0.157241598334167
238 7 1.0 0.102998097596332
238 7 1.0 0.0951102669679393
238 7 1.0 0.173667497489618
238 7 1.0 0.164085264875463
238 7 1.0 0.146917587308136
238 7 1.0 0.141443908914527
238 7 1.0 0.111017246227996
244 7 1.0 0.154598530305862
244 7 1.0 0.0850310542778356
244 7 1.0 0.122207316549326
244 7 1.0 0.122941025955856
244 7 1.0 0.142009578574736
244 7 1.0 0.0924816100531281
244 7 1.0 0.0714852568119023
244 7 1.0 0.0978441917802916
244 7 1.0 0.144496699164207
244 7 1.0 0.0890397736539531
288 7 1.0 0.104127708669565
288 7 1.0 0.0786675594047667
288 7 1.0 0.0570423229540895
288 7 1.0 0.0524221650439065
288 7 1.0 0.0484458615331618
288 7 1.0 0.0476245043684292
288 7 1.0 0.12743076541412
288 7 1.0 0.0915173434466936
288 7 1.0 0.0730703250491496
288 7 1.0 0.125800573006131
288 7 1.0 0.101891357451036
335 7 1.0 0.101042616804243
335 7 1.0 0.0515833582402642
335 7 1.0 0.046118422055501
335 7 1.0 0.0533430943277705
335 7 1.0 0.0826598705365671
335 7 1.0 0.0805342448691285
335 7 1.0 0.066131985679578
383 7 1.0 0.0868799095996695
383 7 1.0 0.059048523828789
383 7 1.0 0.0824804343203285
383 7 1.0 0.0319326485399067
383 7 1.0 0.0737480673759626
383 7 1.0 0.0488737397009768
301 7 1.0 0.121511128294109
301 7 1.0 0.128472764121738
301 7 1.0 0.0472163427507405
301 7 1.0 0.0862426062852554
301 7 1.0 0.103717272689024
301 7 1.0 0.065908267520559
301 7 1.0 0.059476652215119
301 7 1.0 0.135748490171879
301 7 1.0 0.134601000466519
301 7 1.0 0.114534810572256
303 7 1.0 0.147704470070123
303 7 1.0 0.125902697454792
303 7 1.0 0.0456873964786211
303 7 1.0 0.0533311018040315
303 7 1.0 0.0980524514856884
303 7 1.0 0.0600628847940386
303 7 1.0 0.0446885482081328
303 7 1.0 0.131113764668338
303 7 1.0 0.087778596426394
324 7 1.0 0.066831707039649
324 7 1.0 0.107459653810111
324 7 1.0 0.0602627114009166
324 7 1.0 0.0731261933781173
324 7 1.0 0.035883058757306
324 7 1.0 0.0855636009532
324 7 1.0 0.0878027165368348
324 7 1.0 0.0584186560840131
359 7 1.0 0.0759575562116745
359 7 1.0 0.0715603757927731
359 7 1.0 0.076839299316682
359 7 1.0 0.0334838393154143
359 7 1.0 0.0376976419718857
359 7 1.0 0.0756361131113888
359 7 1.0 0.0614231855522877
359 7 1.0 0.0511273846993781
359 7 1.0 0.0817312058020003
304 7 1.0 0.117927418202365
304 7 1.0 0.077077441876407
304 7 1.0 0.0567520623382132
304 7 1.0 0.059127343880716
304 7 1.0 0.0536082071793736
304 7 1.0 0.0503997090643886
304 7 1.0 0.0624081363373904
304 7 1.0 0.121147140496376
304 7 1.0 0.117632788279294
386 7 1.0 0.0640731886125419
386 7 1.0 0.0892216643389883
386 7 1.0 0.0805634658643438
386 7 1.0 0.0889566536988775
386 7 1.0 0.0761238617389081
386 7 1.0 0.0783976216943727
386 7 1.0 0.0391033962864897
386 7 1.0 0.066272515106634
386 7 1.0 0.0719360252818119
240 7 1.0 0.143249022924689
240 7 1.0 0.132334076657686
240 7 1.0 0.1537611528291
240 7 1.0 0.151283366350398
240 7 1.0 0.0844874894333453
240 7 1.0 0.0861808079038826
240 7 1.0 0.0702107483421081
240 7 1.0 0.135385783421511
240 7 1.0 0.0769610783616125
240 7 1.0 0.103391025030654
240 7 1.0 0.157004739562254
240 7 1.0 0.129949562158846
240 7 1.0 0.128479074243541
297 7 1.0 0.0953231618554392
297 7 1.0 0.0685747637534522
297 7 1.0 0.0745361156199546
297 7 1.0 0.0986080908774463
297 7 1.0 0.0854221868331899
297 7 1.0 0.0862756512151198
297 7 1.0 0.0688845047394235
297 7 1.0 0.0794270306985546
297 7 1.0 0.0907954726558493
297 7 1.0 0.0783057099851874
297 7 1.0 0.0739923962861953
219 7 1.0 0.078883719334782
219 7 1.0 0.0790301722978455
219 7 1.0 0.0566425774151371
219 7 1.0 0.0561772258378459
219 7 1.0 0.081537931612143
219 7 1.0 0.0542824409210932
219 7 1.0 0.0545230538322275
219 7 1.0 0.104235953845033
219 7 1.0 0.0952250878860652
219 7 1.0 0.110494379734236
296 7 1.0 0.0995994945536131
296 7 1.0 0.0823003475224143
296 7 1.0 0.0852385321463573
296 7 1.0 0.0938010171559877
296 7 1.0 0.0870849699107432
296 7 1.0 0.0869410328635826
296 7 1.0 0.0820247945766166
296 7 1.0 0.090961541181676
296 7 1.0 0.0918436090440085
296 7 1.0 0.0945871447371116
296 7 1.0 0.0688521442828492
296 7 1.0 0.0787904877486423
296 7 1.0 0.0772662291451642
296 7 1.0 0.0635362162361765
247 7 1.0 0.12652012469819
247 7 1.0 0.117753693879437
247 7 1.0 0.103291289271738
247 7 1.0 0.0652256850343222
247 7 1.0 0.0599344207311956
247 7 1.0 0.126859283628218
247 7 1.0 0.116656377390542
247 7 1.0 0.0648854821054596
247 7 1.0 0.0914385596438922
247 7 1.0 0.14095377018792
247 7 1.0 0.102412509840192
247 7 1.0 0.120645888696051
247 7 1.0 0.0973628835998631
247 7 1.0 0.0787304882065063
247 7 1.0 0.0839856460695698
247 7 1.0 0.0706011953808708
216 7 1.0 0.143107521620048
216 7 1.0 0.0830717639041978
216 7 1.0 0.0825047490557505
216 7 1.0 0.081316236184271
216 7 1.0 0.0463594257063286
216 7 1.0 0.0476022860455702
216 7 1.0 0.0924782366642008
249 7 1.0 0.128414853080302
249 7 1.0 0.088873979161497
249 7 1.0 0.0935266819198989
249 7 1.0 0.0575768529803151
249 7 1.0 0.0560142725856125
249 7 1.0 0.115156605718719
249 7 1.0 0.114099723170659
249 7 1.0 0.087242841618658
249 7 1.0 0.0799213646484957
249 7 1.0 0.123502794048626
249 7 1.0 0.113372346994207
274 7 1.0 0.0798593464691202
274 7 1.0 0.100590497253371
274 7 1.0 0.101806604395194
274 7 1.0 0.0837612909181324
274 7 1.0 0.0783194157215324
274 7 1.0 0.078391631399576
274 7 1.0 0.0811702630388208
274 7 1.0 0.0663109457185455
265 7 1.0 0.10900404370002
265 7 1.0 0.082431373873083
265 7 1.0 0.0569500843385928
265 7 1.0 0.0874989165109704
265 7 1.0 0.0640651419304855
265 7 1.0 0.067310794659998
265 7 1.0 0.0901921119054407
265 7 1.0 0.0632489753264422
294 7 1.0 0.11342297464738
294 7 1.0 0.118074698758431
294 7 1.0 0.119676167981202
294 7 1.0 0.0991909594857992
294 7 1.0 0.100464572281154
294 7 1.0 0.093146790939779
294 7 1.0 0.0994224924294273
294 7 1.0 0.0768171782777575
221 7 1.0 0.112459386322932
221 7 1.0 0.106199810449617
221 7 1.0 0.0765482548682522
221 7 1.0 0.102702267693086
221 7 1.0 0.0700855547330931
221 7 1.0 0.0679857441891525
221 7 1.0 0.0870042488497875
221 7 1.0 0.0831129269622293
221 7 1.0 0.118278110793954
221 7 1.0 0.105021831132317
224 7 1.0 0.0945717003278022
224 7 1.0 0.113870527154639
224 7 1.0 0.124099486339798
224 7 1.0 0.0976471321521852
224 7 1.0 0.0966241703323386
224 7 1.0 0.102691300456559
224 7 1.0 0.0696040714919345
224 7 1.0 0.0858231976585509
224 7 1.0 0.137847416205195
224 7 1.0 0.101793879958641
224 7 1.0 0.120225486637
224 7 1.0 0.128148802731953
224 7 1.0 0.116705598327499
378 6 1.0 0.083764169580452
378 6 1.0 0.0955621431598855
378 6 1.0 0.0908441921688822
378 6 1.0 0.10498225324161
378 6 1.0 0.101194845230008
384 6 1.0 0.0838869096690274
384 6 1.0 0.0776771870038552
384 6 1.0 0.098812891018748
384 6 1.0 0.0736852583988796
384 6 1.0 0.0922509370724429
384 6 1.0 0.0945035676914066
379 6 1.0 0.0790159474622873
379 6 1.0 0.0876676753146731
379 6 1.0 0.0943711064874698
379 6 1.0 0.0984829355016451
380 6 1.0 0.0791088853314362
380 6 1.0 0.0961331930266244
380 6 1.0 0.0942097334264762
380 6 1.0 0.104658341980858
380 6 1.0 0.101305345408319
336 6 1.0 0.0753078852270902
336 6 1.0 0.0729511149817682
336 6 1.0 0.111014876400121
336 6 1.0 0.0941473579814827
328 6 1.0 0.0993431886249501
328 6 1.0 0.128568134070081
328 6 1.0 0.104879195028697
328 6 1.0 0.094776164223291
328 6 1.0 0.0931750883755134
328 6 1.0 0.134077911535937
328 6 1.0 0.141861055807589
376 6 1.0 0.0742348282652007
376 6 1.0 0.104562769171563
376 6 1.0 0.0920203144577644
382 6 1.0 0.0701661088267686
382 6 1.0 0.0960562367469929
382 6 1.0 0.0759280025558073
382 6 1.0 0.0701970863996746
289 6 1.0 0.0825082504217488
289 6 1.0 0.0845629751873839
246 6 1.0 0.113941692764179
246 6 1.0 0.1339721126031
246 6 1.0 0.112152267590136
293 6 1.0 0.0900564353119032
293 6 1.0 0.0930471440418196
293 6 1.0 0.0679874919190397
293 6 1.0 0.100469830663425
293 6 1.0 0.104335294920393
248 6 1.0 0.104529584404472
248 6 1.0 0.119961723088235
248 6 1.0 0.131264149051477
248 6 1.0 0.106334960157313
243 6 1.0 0.141310314321261
243 6 1.0 0.101614606052134
243 6 1.0 0.124761314920797
243 6 1.0 0.130193016754106
243 6 1.0 0.133181498753739
243 6 1.0 0.108310797312548
245 6 1.0 0.113862724087331
245 6 1.0 0.0914146786190373
245 6 1.0 0.0820482180129656
245 6 1.0 0.126855980377019
245 6 1.0 0.131330824031626
242 6 1.0 0.120004753389794
242 6 1.0 0.12412566305273
242 6 1.0 0.127686713185281
242 6 1.0 0.130880078523013
298 6 1.0 0.0588351823393516
298 6 1.0 0.074972288143411
298 6 1.0 0.0469675673929697
298 6 1.0 0.0751210739671649
298 6 1.0 0.0852319090954452
241 6 1.0 0.111108533827281
241 6 1.0 0.111573895022577
241 6 1.0 0.118470988327652
241 6 1.0 0.12497570494221
241 6 1.0 0.0999764665419956
241 6 1.0 0.123082749544358
241 6 1.0 0.136538786752183
238 6 1.0 0.135575041688591
244 6 1.0 0.109283721435045
244 6 1.0 0.116170185484657
244 6 1.0 0.123809993179322
288 6 1.0 0.0863915026081618
288 6 1.0 0.0845028112637492
288 6 1.0 0.102639809352093
288 6 1.0 0.108147033675977
288 6 1.0 0.114108193181474
335 6 1.0 0.109534953894986
383 6 1.0 0.0675882306705173
383 6 1.0 0.0665007382751215
383 6 1.0 0.0865697131574688
383 6 1.0 0.0877735228245896
301 6 1.0 0.120861522491513
301 6 1.0 0.139177077211301
301 6 1.0 0.15155959597279
301 6 1.0 0.129961707559486
301 6 1.0 0.155382596822241
301 6 1.0 0.118852197915419
303 6 1.0 0.11409509521455
303 6 1.0 0.119230630564681
303 6 1.0 0.129774695968868
324 6 1.0 0.103332478122596
324 6 1.0 0.13055199696532
324 6 1.0 0.104696305662147
324 6 1.0 0.150132733496548
324 6 1.0 0.148084153748619
324 6 1.0 0.145783458363116
359 6 1.0 0.0773021190252736
359 6 1.0 0.0757621148271678
304 6 1.0 0.120842008350024
304 6 1.0 0.11755749433604
304 6 1.0 0.13516899876159
304 6 1.0 0.0913030946357551
304 6 1.0 0.139537470091561
386 6 1.0 0.0737829067282102
386 6 1.0 0.0621594267805073
386 6 1.0 0.0858532434169137
386 6 1.0 0.0695392254786
386 6 1.0 0.0732763758154055
386 6 1.0 0.0813865279252207
386 6 1.0 0.0839631872731339
240 6 1.0 0.124182144605667
240 6 1.0 0.101927933171999
240 6 1.0 0.133270672543442
240 6 1.0 0.132732932996877
240 6 1.0 0.0964555494759534
240 6 1.0 0.147511617022442
240 6 1.0 0.146214221928687
297 6 1.0 0.0656661205670777
297 6 1.0 0.0656467430651861
297 6 1.0 0.0577589130537751
297 6 1.0 0.0599402809179164
219 6 1.0 0.0938128682412905
219 6 1.0 0.096797599680514
219 6 1.0 0.0807023855524864
219 6 1.0 0.105696742268942
219 6 1.0 0.101965401939454
219 6 1.0 0.102967187710482
296 6 1.0 0.0565080420741291
296 6 1.0 0.0878843859308899
296 6 1.0 0.0698492070460429
296 6 1.0 0.0808657443416049
296 6 1.0 0.0870890700497887
296 6 1.0 0.0810976493100299
247 6 1.0 0.126686816553501
247 6 1.0 0.0793084003989585
247 6 1.0 0.0873032575744337
247 6 1.0 0.118354618892563
247 6 1.0 0.112754827839756
247 6 1.0 0.11791853418614
216 6 1.0 0.110392945111668
216 6 1.0 0.118673646181078
216 6 1.0 0.126546585565185
216 6 1.0 0.133510538242779
249 6 1.0 0.0831948064335887
249 6 1.0 0.073988489657708
249 6 1.0 0.0993817163887466
249 6 1.0 0.0904212663789258
249 6 1.0 0.0837940970590156
274 6 1.0 0.0494278731957655
274 6 1.0 0.0793996207712746
274 6 1.0 0.0406620823546004
274 6 1.0 0.0420500852015461
274 6 1.0 0.0460742549630723
274 6 1.0 0.0789816645606759
274 6 1.0 0.0671897225393636
274 6 1.0 0.0724703197020024
265 6 1.0 0.0708331016135677
265 6 1.0 0.074430871309209
294 6 1.0 0.0960949391428946
294 6 1.0 0.0549366009539287
294 6 1.0 0.0890978912354776
294 6 1.0 0.0571768622046329
294 6 1.0 0.0982827582852036
294 6 1.0 0.099566036529121
294 6 1.0 0.078766820783702
221 6 1.0 0.115582380688199
221 6 1.0 0.0645589489465792
221 6 1.0 0.106744103512619
221 6 1.0 0.0869105696658572
224 6 1.0 0.0773994911727798
224 6 1.0 0.10753949505812
224 6 1.0 0.109767301555158
378 5 1.0 0.122451473298146
378 5 1.0 0.0887308642718396
384 5 1.0 0.08214378783339
379 5 1.0 0.105733171907208
379 5 1.0 0.0705608399375155
380 5 1.0 0.0918617261114718
380 5 1.0 0.0867589891032933
331 5 1.0 0.0883746429228558
336 5 1.0 0.0798483641958947
336 5 1.0 0.121908343738001
336 5 1.0 0.0835471668747983
328 5 1.0 0.0861510365603658
376 5 1.0 0.0744010882083914
382 5 1.0 0.0642564817869496
289 5 1.0 0.0813193762298769
248 5 1.0 0.0649720769229245
248 5 1.0 0.0659572135128077
248 5 1.0 0.0811644753828944
243 5 1.0 0.0660544250575873
243 5 1.0 0.0807942353458732
245 5 1.0 0.0458623298964597
298 5 1.0 0.0927637354493112
238 5 1.0 0.138756602620483
244 5 1.0 0.0751268179630825
288 5 1.0 0.0522167994588633
288 5 1.0 0.0570391478092288
288 5 1.0 0.0573689505293575
288 5 1.0 0.0627341295252347
335 5 1.0 0.0720932834353866
301 5 1.0 0.110572629762367
301 5 1.0 0.0679296556902579
301 5 1.0 0.0916169600284067
303 5 1.0 0.0715324569215645
324 5 1.0 0.133339315440069
324 5 1.0 0.0750678228399313
304 5 1.0 0.143983288989721
304 5 1.0 0.0785157374795979
304 5 1.0 0.0650285602501937
240 5 1.0 0.0627440646007469
240 5 1.0 0.0607002820790406
297 5 1.0 0.0733787179268498
297 5 1.0 0.058680146243324
219 5 1.0 0.115475182969169
219 5 1.0 0.0395312553658321
296 5 1.0 0.0434176613570938
247 5 1.0 0.0550364528085909
247 5 1.0 0.0899144200967322
216 5 1.0 0.140385612271272
216 5 1.0 0.0460523329527011
216 5 1.0 0.0674269122966653
274 5 1.0 0.0727552472609574
265 5 1.0 0.0286587925986525
265 5 1.0 0.0310512804955087
265 5 1.0 0.076642791604391
294 5 1.0 0.0651967292923713
221 5 1.0 0.117290762583542
221 5 1.0 0.0475151202615626
224 5 1.0 0.0901279625179609
224 5 1.0 0.039143370460793
224 5 1.0 0.0462082138606869
224 5 1.0 0.0674519994195297
378 4 1.0 0.0702732486729834
384 4 1.0 0.0868176727907112
384 4 1.0 0.0448520914114
379 4 1.0 0.079752618220937
379 4 1.0 0.0619571766963283
379 4 1.0 0.0556601348283733
380 4 1.0 0.0809792856552367
380 4 1.0 0.0410520403553068
380 4 1.0 0.0418631086916792
380 4 1.0 0.0852726096206395
331 4 1.0 0.125592712208842
331 4 1.0 0.0602718951641473
331 4 1.0 0.1163342401644
331 4 1.0 0.0494615825837239
331 4 1.0 0.0493809037703288
336 4 1.0 0.0511473291755226
336 4 1.0 0.0767656544035854
328 4 1.0 0.0810801814551856
328 4 1.0 0.0568977094483506
328 4 1.0 0.120421373279344
328 4 1.0 0.114649073594201
376 4 1.0 0.1074393549372
382 4 1.0 0.0955679177350399
382 4 1.0 0.0680578537349252
289 4 1.0 0.0570460779013575
246 4 1.0 0.12598224476372
246 4 1.0 0.0566277696181665
293 4 1.0 0.10061905329775
248 4 1.0 0.0871531494983551
248 4 1.0 0.124884306807584
243 4 1.0 0.0697134922683357
243 4 1.0 0.133595938609459
243 4 1.0 0.0476590474428627
245 4 1.0 0.067728404327638
245 4 1.0 0.0822804306197735
245 4 1.0 0.0638300466819554
242 4 1.0 0.123107925511311
242 4 1.0 0.0971976165446288
242 4 1.0 0.0812324015081684
241 4 1.0 0.149871443359423
241 4 1.0 0.140820117171784
241 4 1.0 0.113796517946999
241 4 1.0 0.110541374113433
238 4 1.0 0.113294892737496
244 4 1.0 0.146816932138591
288 4 1.0 0.0979228048937687
288 4 1.0 0.0414727609076158
288 4 1.0 0.116444592107547
383 4 1.0 0.0238189447142531
383 4 1.0 0.0527947891050029
301 4 1.0 0.0606302150282087
303 4 1.0 0.129948895967705
303 4 1.0 0.0675439392251893
303 4 1.0 0.0695664130285389
303 4 1.0 0.0546227581695904
324 4 1.0 0.11511002124728
324 4 1.0 0.145065447373302
359 4 1.0 0.036414737968743
304 4 1.0 0.129988510031432
304 4 1.0 0.0626429077607564
304 4 1.0 0.0441301977029728
304 4 1.0 0.0744512664309279
304 4 1.0 0.112454852099866
304 4 1.0 0.044766810446007
386 4 1.0 0.0757062702411818
240 4 1.0 0.0577079836916421
297 4 1.0 0.0889762315462741
297 4 1.0 0.0632463704754231
219 4 1.0 0.070843549918468
219 4 1.0 0.0791291054186403
219 4 1.0 0.0626822378508646
296 4 1.0 0.0859171609205138
296 4 1.0 0.0677578854504316
296 4 1.0 0.0534524238053381
247 4 1.0 0.101237825727094
247 4 1.0 0.131690136788523
247 4 1.0 0.107035520401319
247 4 1.0 0.0940526983151871
216 4 1.0 0.141685596740386
216 4 1.0 0.104559236855641
216 4 1.0 0.0436789431222675
249 4 1.0 0.0832581880915089
249 4 1.0 0.0981459406046199
249 4 1.0 0.0509694195207824
249 4 1.0 0.0626021728338458
249 4 1.0 0.0457465322858619
274 4 1.0 0.0897050848343137
265 4 1.0 0.091300187131669
265 4 1.0 0.0574238113239458
294 4 1.0 0.0992156985130131
294 4 1.0 0.0720899489584359
221 4 1.0 0.0650844914939786
221 4 1.0 0.064986526630639
249 3 1.0 0.0874113020772714
224 3 1.0 0.117832856104298
384 2 1.0 0.0454458751791124
293 2 1.0 0.0740605484146968
298 2 1.0 0.0376666160306101
241 2 1.0 0.112446492506071
335 2 1.0 0.0525531244895848
383 2 1.0 0.061098068027438
304 2 1.0 0.033117296201618
216 2 1.0 0.0425548484971129
336 1 1.0 0.0663616551822562
328 1 1.0 0.0419410489461181
289 1 1.0 0.0915239460655072
289 1 1.0 0.0959458804758964
243 1 1.0 0.042461621193984
298 1 1.0 0.0555479857645863
241 1 1.0 0.0614470982385557
238 1 1.0 0.0621027659135049
324 1 1.0 0.0500850710093637
216 1 1.0 0.127510251033031
216 1 1.0 0.0453769285472483
224 1 1.0 0.0480723157679151
240 0 1.0 0.128460203486648
274 0 1.0 0.0582492224536662
343 8 1.0 0.0887769126590118
343 8 1.0 0.091282175898782
343 8 1.0 0.0485740350032418
343 8 1.0 0.0548810500917033
343 8 1.0 0.0652151657565006
344 8 1.0 0.0401892688763091
344 8 1.0 0.0378915424427214
344 8 1.0 0.0264364286929464
345 8 1.0 0.0580062508592588
345 8 1.0 0.0374710360353671
345 8 1.0 0.00942866368772166
345 8 1.0 0.0304515474592359
345 8 1.0 0.040254072306462
338 8 1.0 0.10141467489498
338 8 1.0 0.0833427429732617
338 8 1.0 0.0862727977964496
346 8 1.0 0.0549192703992487
346 8 1.0 0.0588261239120092
346 8 1.0 0.0544158569897812
346 8 1.0 0.0527505753448289
346 8 1.0 0.0510078156033437
346 8 1.0 0.0513030663490544
346 8 1.0 0.0445323320039274
347 8 1.0 0.0744438097616891
347 8 1.0 0.075499810402046
347 8 1.0 0.0500146246740214
347 8 1.0 0.0429094234121562
391 8 1.0 0.0638915779028707
391 8 1.0 0.0617521390311752
391 8 1.0 0.033635429016653
391 8 1.0 0.0389375263257821
391 8 1.0 0.0418563529725549
391 8 1.0 0.0216114335918905
391 8 1.0 0.0604938918268035
326 8 1.0 0.082183595890154
326 8 1.0 0.0962716347240461
396 8 1.0 0.0482496703011168
394 8 1.0 0.0679205903272847
394 8 1.0 0.0465316544921233
394 8 1.0 0.0444049442918287
394 8 1.0 0.0359175260926073
387 8 1.0 0.0511350432806812
387 8 1.0 0.0410917148971962
387 8 1.0 0.075601691144872
387 8 1.0 0.0271339793370063
387 8 1.0 0.0189913000969691
387 8 1.0 0.0813067094008617
381 8 1.0 0.066428437095926
381 8 1.0 0.0685863357169627
381 8 1.0 0.0378420687491676
381 8 1.0 0.0849356878039937
381 8 1.0 0.0755408878886557
381 8 1.0 0.0669486095779764
334 8 1.0 0.078790700875603
334 8 1.0 0.0576362041991694
334 8 1.0 0.0761291174248041
334 8 1.0 0.0566806957152967
334 8 1.0 0.0377625235642981
333 8 1.0 0.0938445831042693
333 8 1.0 0.0458458565820122
375 8 1.0 0.099977213168282
375 8 1.0 0.0490525505102569
375 8 1.0 0.0667552209903703
332 8 1.0 0.0707305065547538
332 8 1.0 0.0949961174514991
329 8 1.0 0.0874462264787818
330 8 1.0 0.0417379054866408
337 8 1.0 0.0834625299464933
337 8 1.0 0.0211309339576837
337 8 1.0 0.0165237316605238
321 8 1.0 0.0503057875751456
321 8 1.0 0.0474710420719831
323 8 1.0 0.0715242470543836
323 8 1.0 0.0208760573650652
323 8 1.0 0.0466494433968716
395 8 1.0 0.0367129983972803
395 8 1.0 0.0135088115225237
398 8 1.0 0.0794133034798925
398 8 1.0 0.0138473408402019
398 8 1.0 0.035673699571884
398 8 1.0 0.0435822113083173
365 8 1.0 0.0673382070873155
365 8 1.0 0.0389992473464873
365 8 1.0 0.0581605128157159
320 8 1.0 0.0790682301943795
320 8 1.0 0.101563439910567
320 8 1.0 0.0617182991585436
320 8 1.0 0.0296409757848963
367 8 1.0 0.0566353697440666
367 8 1.0 0.0461196014162275
367 8 1.0 0.0262198516556014
325 8 1.0 0.119804377303897
325 8 1.0 0.122592836571716
325 8 1.0 0.0987631442402653
325 8 1.0 0.07325131856259
325 8 1.0 0.05080827987292
325 8 1.0 0.103550228300259
325 8 1.0 0.0967948386166673
313 8 1.0 0.0402325293472089
397 8 1.0 0.0421551567389669
397 8 1.0 0.0470503267455929
397 8 1.0 0.0614116280978632
397 8 1.0 0.0251268847139967
316 8 1.0 0.0605989936634693
316 8 1.0 0.0807105523076206
316 8 1.0 0.034058936498849
364 8 1.0 0.0440382392146852
364 8 1.0 0.0274440471262506
364 8 1.0 0.0408027644668297
362 8 1.0 0.0758935588588732
362 8 1.0 0.052968207105384
362 8 1.0 0.0692322753256316
362 8 1.0 0.0665396969141153
362 8 1.0 0.0451429376940435
377 8 1.0 0.0556908297926348
377 8 1.0 0.0454066946313811
385 8 1.0 0.0604104732682042
385 8 1.0 0.0575730031738832
352 8 1.0 0.0445170170822592
352 8 1.0 0.0441852889209012
352 8 1.0 0.0500688931544382
352 8 1.0 0.0723603015134182
327 8 1.0 0.108530964932757
327 8 1.0 0.117608192839286
327 8 1.0 0.120800756868304
327 8 1.0 0.0690174857849959
327 8 1.0 0.0704299012404154
327 8 1.0 0.0433872288247578
353 8 1.0 0.0556131469718624
353 8 1.0 0.0787916239882367
353 8 1.0 0.0837877127498847
353 8 1.0 0.04098248366488
338 7 1.0 0.0243276272348233
394 7 1.0 0.0286192375078315
387 7 1.0 0.0513278812738168
333 7 1.0 0.0210285003862193
375 7 1.0 0.0932778642616586
375 7 1.0 0.0568289654255237
329 7 1.0 0.122547548138772
329 7 1.0 0.0178389442407229
330 7 1.0 0.0235927227902851
365 7 1.0 0.0252274895910985
365 7 1.0 0.0374525421897361
325 7 1.0 0.129920803114806
325 7 1.0 0.0210564361934021
313 7 1.0 0.130538025007297
316 7 1.0 0.123645308264605
385 7 1.0 0.0495114728299436
352 7 1.0 0.0864668617939408
352 7 1.0 0.0503804179743295
352 7 1.0 0.0442309116955077
353 7 1.0 0.0731192384259909
343 6 1.0 0.141057142898951
345 6 1.0 0.108840114607321
397 6 1.0 0.0876194415939216
361 6 1.0 0.0685405719848567
361 6 1.0 0.0728486397668612
377 6 1.0 0.109955863131722
327 6 1.0 0.134677732961766
353 6 1.0 0.0761419764284032
353 6 1.0 0.0884474351143222
353 6 1.0 0.0883662431640062
343 5 1.0 0.106695114200836
344 5 1.0 0.132932221540801
344 5 1.0 0.135501109687087
344 5 1.0 0.111428038426335
393 5 1.0 0.10132717575969
393 5 1.0 0.117787550528496
393 5 1.0 0.102113026884303
345 5 1.0 0.0995834233407401
338 5 1.0 0.132741823593039
338 5 1.0 0.0978498358164448
347 5 1.0 0.0986755357109754
347 5 1.0 0.0987606662359155
326 5 1.0 0.0873594948300426
326 5 1.0 0.0872710440774107
326 5 1.0 0.0882049962824171
396 5 1.0 0.0879630089203346
394 5 1.0 0.0860163485095652
394 5 1.0 0.0881061602421978
387 5 1.0 0.0932590540672148
381 5 1.0 0.0782456317672194
381 5 1.0 0.0918090004054067
381 5 1.0 0.0932595401796641
381 5 1.0 0.102542267208815
334 5 1.0 0.0898987139380013
334 5 1.0 0.105935941272429
334 5 1.0 0.0827925194156093
334 5 1.0 0.087538881732856
333 5 1.0 0.121853134386234
333 5 1.0 0.0749624197475438
332 5 1.0 0.0722180075335875
329 5 1.0 0.0776314033154319
330 5 1.0 0.0753458153625171
337 5 1.0 0.13706611955959
337 5 1.0 0.106157552261128
337 5 1.0 0.116006682893073
321 5 1.0 0.105200178504871
321 5 1.0 0.109731258852629
321 5 1.0 0.110639841426336
321 5 1.0 0.11489439142411
323 5 1.0 0.106952187839252
323 5 1.0 0.113621369339021
323 5 1.0 0.105790035303136
395 5 1.0 0.0981215000468548
395 5 1.0 0.123153432416583
395 5 1.0 0.103339735579287
398 5 1.0 0.102817004710759
398 5 1.0 0.108819305204221
365 5 1.0 0.109898774585004
365 5 1.0 0.110527691379354
365 5 1.0 0.101914465759332
320 5 1.0 0.0967956522776824
367 5 1.0 0.103926168757919
367 5 1.0 0.093660402857121
367 5 1.0 0.10068702524635
325 5 1.0 0.146098427617389
313 5 1.0 0.141392442868244
313 5 1.0 0.0845658459838065
313 5 1.0 0.102270178485195
313 5 1.0 0.104059803788111
364 5 1.0 0.0858651155988777
377 5 1.0 0.108981620435884
377 5 1.0 0.0772005098544844
385 5 1.0 0.0944285905133701
385 5 1.0 0.0759763976757946
352 5 1.0 0.0710077072102918
327 5 1.0 0.0623518825175025
327 5 1.0 0.0687163927070321
327 5 1.0 0.069640902195105
327 5 1.0 0.0902293598558297
353 5 1.0 0.089556698306266
343 4 1.0 0.0368654797045386
343 3 1.0 0.159669524518159
343 3 1.0 0.159156114389492
343 3 1.0 0.152880906417339
343 3 1.0 0.154185827750305
344 3 1.0 0.153981952198527
344 3 1.0 0.145078971216689
393 3 1.0 0.132886617051956
393 3 1.0 0.129866104832142
345 3 1.0 0.146461170557518
345 3 1.0 0.144472844291204
345 3 1.0 0.134530180381272
345 3 1.0 0.140984629386717
338 3 1.0 0.173076748486442
346 3 1.0 0.132028110222714
346 3 1.0 0.141934390926892
347 3 1.0 0.143230899309326
347 3 1.0 0.135307668310009
391 3 1.0 0.130450743104991
391 3 1.0 0.130091627651304
326 3 1.0 0.151793676697728
396 3 1.0 0.114760628493867
396 3 1.0 0.117765241756443
387 3 1.0 0.110545783638786
387 3 1.0 0.109562821387332
387 3 1.0 0.114495226283178
334 3 1.0 0.123938618669375
333 3 1.0 0.124067265477635
375 3 1.0 0.110978051057698
375 3 1.0 0.104447042558402
375 3 1.0 0.10489901417866
375 3 1.0 0.110562963447783
332 3 1.0 0.121853122033547
329 3 1.0 0.15133084933664
330 3 1.0 0.115626401731079
330 3 1.0 0.136564189295395
330 3 1.0 0.12237476918552
337 3 1.0 0.159101565434823
323 3 1.0 0.137076768208327
323 3 1.0 0.147651007256375
323 3 1.0 0.146926579302013
323 3 1.0 0.151381581034349
395 3 1.0 0.130632866217887
395 3 1.0 0.125544771352765
398 3 1.0 0.117152634384658
398 3 1.0 0.121591537107557
320 3 1.0 0.139968506964027
320 3 1.0 0.130628398097948
320 3 1.0 0.13033207429108
320 3 1.0 0.13677421337189
367 3 1.0 0.119286621768612
367 3 1.0 0.120944226766658
325 3 1.0 0.15697506854881
325 3 1.0 0.160798223048387
313 3 1.0 0.160508302275688
397 3 1.0 0.10093518860282
316 3 1.0 0.159987640223352
316 3 1.0 0.140584191749814
364 3 1.0 0.122005592424203
364 3 1.0 0.113173431559809
362 3 1.0 0.121313263030264
362 3 1.0 0.120177590349799
361 3 1.0 0.092840005442808
377 3 1.0 0.117061183169765
352 3 1.0 0.109588690836166
352 3 1.0 0.100543318243409
353 3 1.0 0.0928982766056021
343 2 1.0 0.0804448219288672
344 2 1.0 0.0892966435100962
344 2 1.0 0.0862686576445236
393 2 1.0 0.102547276468293
345 2 1.0 0.0987932242620559
338 2 1.0 0.135535130605844
346 2 1.0 0.0825058960546324
346 2 1.0 0.118684263326171
347 2 1.0 0.0818668693694054
347 2 1.0 0.075007944524508
326 2 1.0 0.0706784639101863
326 2 1.0 0.0848553314227236
326 2 1.0 0.107914721368275
396 2 1.0 0.0640633892372712
387 2 1.0 0.0562925848316722
387 2 1.0 0.0612023028738058
387 2 1.0 0.0779760126608867
387 2 1.0 0.0611577399086566
381 2 1.0 0.0595836206407488
381 2 1.0 0.0573262058185066
381 2 1.0 0.0601713828287485
334 2 1.0 0.0484373794168338
334 2 1.0 0.0681901337361952
333 2 1.0 0.0616375109623044
332 2 1.0 0.113447905666007
329 2 1.0 0.126132772326278
329 2 1.0 0.0513457345473739
329 2 1.0 0.0558963799019409
330 2 1.0 0.0455878751270519
330 2 1.0 0.0414063007931411
330 2 1.0 0.0426864281978091
337 2 1.0 0.132071277483936
337 2 1.0 0.105640813808796
337 2 1.0 0.0680660728923757
337 2 1.0 0.134807439658514
337 2 1.0 0.0870489308700823
321 2 1.0 0.100538582952545
323 2 1.0 0.0831414123272486
395 2 1.0 0.0809329824707677
395 2 1.0 0.11356860818662
398 2 1.0 0.0848355284246116
398 2 1.0 0.0825681421634348
365 2 1.0 0.0836607027238271
320 2 1.0 0.0717626903311331
320 2 1.0 0.0775285636126024
367 2 1.0 0.0906369947677777
367 2 1.0 0.0950761228013492
325 2 1.0 0.0834791856984177
325 2 1.0 0.158258729277514
313 2 1.0 0.071744963215007
313 2 1.0 0.0726245884674003
397 2 1.0 0.100059726769989
397 2 1.0 0.0848129572322018
397 2 1.0 0.0757039842565299
364 2 1.0 0.0755698461007412
364 2 1.0 0.0601682938593558
364 2 1.0 0.0599628571798938
361 2 1.0 0.0931422652742168
361 2 1.0 0.105274107489114
361 2 1.0 0.0706090302483727
377 2 1.0 0.0666480342994617
377 2 1.0 0.0508558372104352
377 2 1.0 0.0564650282207959
385 2 1.0 0.0820549266324434
352 2 1.0 0.0493942037976101
352 2 1.0 0.0728202527765604
352 2 1.0 0.0688664428696926
327 2 1.0 0.112526617260844
327 2 1.0 0.044876295913934
353 2 1.0 0.0418189872616898
353 2 1.0 0.0510036390430317
353 2 1.0 0.0596464118207998
353 2 1.0 0.0502588163216712
343 1 1.0 0.0407446993019338
343 1 1.0 0.0412058116199092
343 1 1.0 0.128808004263936
343 1 1.0 0.0557993198962685
343 1 1.0 0.0694826998239607
343 1 1.0 0.039724532184715
343 1 1.0 0.118437714611652
343 1 1.0 0.0624074425157672
344 1 1.0 0.0282882166726544
344 1 1.0 0.0291294748427798
344 1 1.0 0.0337530885670888
344 1 1.0 0.0347800903371042
344 1 1.0 0.111422860931226
344 1 1.0 0.109446190570719
344 1 1.0 0.110061092389761
344 1 1.0 0.11717544757931
393 1 1.0 0.0439438007695439
393 1 1.0 0.0861764924444536
393 1 1.0 0.0751769687447432
393 1 1.0 0.071725918670614
393 1 1.0 0.0667729820616208
393 1 1.0 0.0426878865741523
393 1 1.0 0.0502624667416334
345 1 1.0 0.0246280607911464
345 1 1.0 0.0751029446711979
345 1 1.0 0.0282524927434911
345 1 1.0 0.0772989159489921
345 1 1.0 0.0337465089388201
345 1 1.0 0.0389590617483874
345 1 1.0 0.0350482112287685
345 1 1.0 0.0588035025589317
345 1 1.0 0.0499240143086942
338 1 1.0 0.0557662633222059
338 1 1.0 0.0540713485043324
338 1 1.0 0.139585989562977
346 1 1.0 0.079056843118262
346 1 1.0 0.0520555893140769
346 1 1.0 0.043213512668103
346 1 1.0 0.0594981013657249
346 1 1.0 0.0543040048773143
347 1 1.0 0.0410685540245196
347 1 1.0 0.0268229219142794
347 1 1.0 0.0771695046244543
347 1 1.0 0.0298186251821457
347 1 1.0 0.0940031990067824
347 1 1.0 0.0424148107002101
391 1 1.0 0.0087733365254453
391 1 1.0 0.0107534305150565
391 1 1.0 0.0911954897624198
391 1 1.0 0.0430297656235588
391 1 1.0 0.0541783733173313
391 1 1.0 0.0460018167220306
391 1 1.0 0.0619265790506941
326 1 1.0 0.0388402197626658
326 1 1.0 0.0345739127867578
326 1 1.0 0.136161741463959
326 1 1.0 0.135889074194543
326 1 1.0 0.063151368175576
326 1 1.0 0.1001260102349
326 1 1.0 0.0211572913037899
326 1 1.0 0.0404537972578267
326 1 1.0 0.134643952099148
326 1 1.0 0.138491654547329
396 1 1.0 0.0294437714144831
396 1 1.0 0.0333416126019601
396 1 1.0 0.0317232395409866
396 1 1.0 0.0755875589001059
396 1 1.0 0.0730689024196975
396 1 1.0 0.0694384588194737
396 1 1.0 0.040524672239893
396 1 1.0 0.0418847511683239
394 1 1.0 0.0760291427723011
394 1 1.0 0.0281984813326967
394 1 1.0 0.0197434048963592
394 1 1.0 0.0511395077215262
394 1 1.0 0.0479331988145777
394 1 1.0 0.025136424654843
394 1 1.0 0.0326335584846446
394 1 1.0 0.0607100722470093
394 1 1.0 0.0762820231832406
394 1 1.0 0.0858089538071385
394 1 1.0 0.0372300338755365
387 1 1.0 0.0416049526179483
387 1 1.0 0.0714360326510053
387 1 1.0 0.0127253791492058
387 1 1.0 0.0158048688609114
387 1 1.0 0.0825290039214318
387 1 1.0 0.0509502822139946
387 1 1.0 0.0418484831854735
387 1 1.0 0.0691248761306422
387 1 1.0 0.0448472534766311
381 1 1.0 0.0495351788404127
381 1 1.0 0.0531167775088849
381 1 1.0 0.0168111908303809
381 1 1.0 0.0315185951792037
381 1 1.0 0.0394101007159335
381 1 1.0 0.0777868657476969
334 1 1.0 0.0852623164156176
334 1 1.0 0.054966560245329
334 1 1.0 0.0275012958950328
334 1 1.0 0.0208638575471476
334 1 1.0 0.0554505156048974
334 1 1.0 0.0533072111780319
334 1 1.0 0.048485930465892
334 1 1.0 0.0562482079222917
334 1 1.0 0.0360908388124519
333 1 1.0 0.0809557327024394
333 1 1.0 0.0986281084470256
333 1 1.0 0.0305850030086046
333 1 1.0 0.0530596884835698
333 1 1.0 0.0259909673830754
375 1 1.0 0.0861623795291469
375 1 1.0 0.0178508267373346
375 1 1.0 0.0271193110156589
375 1 1.0 0.019700587779858
375 1 1.0 0.011636927907395
375 1 1.0 0.0149048184150678
375 1 1.0 0.036996350807514
375 1 1.0 0.0553934984718072
375 1 1.0 0.0762921343524768
375 1 1.0 0.074870531113158
332 1 1.0 0.0134465091879994
332 1 1.0 0.103072718724307
332 1 1.0 0.058938508865606
332 1 1.0 0.0566689125818976
332 1 1.0 0.0305188511558493
332 1 1.0 0.0262523532276954
329 1 1.0 0.121516253232252
329 1 1.0 0.0319917075892693
329 1 1.0 0.122291643718855
329 1 1.0 0.116239786735411
329 1 1.0 0.125020762420156
329 1 1.0 0.0380482390293446
329 1 1.0 0.0266130340866533
329 1 1.0 0.0506635023581433
330 1 1.0 0.0374078422075719
330 1 1.0 0.10587623210094
330 1 1.0 0.114918250190405
330 1 1.0 0.0234344959481518
330 1 1.0 0.0360974560495604
330 1 1.0 0.0247843767309217
330 1 1.0 0.0481719281499458
330 1 1.0 0.0393982078542412
330 1 1.0 0.0166435423687413
330 1 1.0 0.0197580134432426
330 1 1.0 0.0211745008908043
330 1 1.0 0.0328503584865152
337 1 1.0 0.0414513468142451
337 1 1.0 0.0424101907293528
337 1 1.0 0.0501959348802587
337 1 1.0 0.0510524973534229
337 1 1.0 0.0645674582057774
337 1 1.0 0.040558422631023
337 1 1.0 0.0997066655032744
337 1 1.0 0.0928450881426523
337 1 1.0 0.124531932829326
337 1 1.0 0.120132494044286
337 1 1.0 0.0985078559148942
337 1 1.0 0.125755302410883
337 1 1.0 0.0571643473104833
321 1 1.0 0.100278481201923
321 1 1.0 0.0433356458475007
321 1 1.0 0.0690588825167808
321 1 1.0 0.0577063953811635
323 1 1.0 0.0653064622641365
323 1 1.0 0.11117229961107
323 1 1.0 0.0757985383000533
323 1 1.0 0.0781521102608175
323 1 1.0 0.0454016183158688
395 1 1.0 0.0178802323748763
395 1 1.0 0.0271043990475319
395 1 1.0 0.0313511335146359
395 1 1.0 0.0391356477652633
395 1 1.0 0.0476672388151974
395 1 1.0 0.078602324264429
395 1 1.0 0.0783495797768942
395 1 1.0 0.0514408634538858
398 1 1.0 0.0359901755579063
398 1 1.0 0.0599799921859317
398 1 1.0 0.0565290927348885
398 1 1.0 0.0513366451722715
398 1 1.0 0.0610241474290066
365 1 1.0 0.0733907009267488
365 1 1.0 0.0190638908440208
365 1 1.0 0.0885645288064222
365 1 1.0 0.067733227163991
365 1 1.0 0.0551990041141316
320 1 1.0 0.0672298367683783
320 1 1.0 0.0250455731530425
320 1 1.0 0.0244396725035516
320 1 1.0 0.0482486223699147
320 1 1.0 0.0452843926991462
320 1 1.0 0.0496657770453243
367 1 1.0 0.0469170081720504
367 1 1.0 0.0127484078582825
367 1 1.0 0.0238999402942517
367 1 1.0 0.0320914282403775
367 1 1.0 0.068211628542096
367 1 1.0 0.0470223504762315
367 1 1.0 0.0529879899951165
325 1 1.0 0.0632835525852275
325 1 1.0 0.140786377548196
325 1 1.0 0.143619247055774
325 1 1.0 0.110052072042069
325 1 1.0 0.0553096776738814
325 1 1.0 0.0900914520101324
325 1 1.0 0.143689893090225
313 1 1.0 0.0535977247469176
313 1 1.0 0.0533375230641659
313 1 1.0 0.0516173211158878
313 1 1.0 0.141387888882205
313 1 1.0 0.0561939498788009
313 1 1.0 0.0834293227158067
313 1 1.0 0.143161957195698
397 1 1.0 0.0567545356073856
397 1 1.0 0.0400240844879743
397 1 1.0 0.0582426544223853
397 1 1.0 0.0402558859656197
397 1 1.0 0.0663127406035845
397 1 1.0 0.0430986891087119
397 1 1.0 0.0548623921060252
397 1 1.0 0.0561862581698855
316 1 1.0 0.0944334844229615
316 1 1.0 0.0458504981446618
316 1 1.0 0.0520323384532177
316 1 1.0 0.0184372292007432
316 1 1.0 0.0119733463235439
316 1 1.0 0.0255907952359233
316 1 1.0 0.125997425527895
316 1 1.0 0.0584912139898038
316 1 1.0 0.125873725446601
316 1 1.0 0.126799011536547
316 1 1.0 0.0431160241842627
316 1 1.0 0.0526230218398059
364 1 1.0 0.0313098106844771
364 1 1.0 0.0146342741084723
364 1 1.0 0.0108367065725407
364 1 1.0 0.0492761236866964
364 1 1.0 0.0212697738899442
364 1 1.0 0.0237329163307914
364 1 1.0 0.0226880268425082
364 1 1.0 0.0243007438291232
364 1 1.0 0.0795757100453256
364 1 1.0 0.0833706991755627
364 1 1.0 0.074052843728606
364 1 1.0 0.071113651162899
364 1 1.0 0.0499264609299406
362 1 1.0 0.0547158401548471
362 1 1.0 0.0089153822583046
362 1 1.0 0.0325359947543656
362 1 1.0 0.0760150622235523
362 1 1.0 0.0765287351310113
361 1 1.0 0.0492595558986726
361 1 1.0 0.0509314170048397
361 1 1.0 0.0508673343157549
361 1 1.0 0.0514378762317792
361 1 1.0 0.0266839089870211
361 1 1.0 0.0463044027974866
361 1 1.0 0.0249335841356367
361 1 1.0 0.0904753491026348
361 1 1.0 0.0472217538234896
361 1 1.0 0.0283523308554611
361 1 1.0 0.0628373555077432
361 1 1.0 0.0665662083023017
377 1 1.0 0.0261979243021968
377 1 1.0 0.0283784067351241
377 1 1.0 0.0342866015782158
377 1 1.0 0.0573305053220163
385 1 1.0 0.0746517945886998
385 1 1.0 0.0208404552535913
385 1 1.0 0.0170015622911562
385 1 1.0 0.0445990633801546
385 1 1.0 0.0721143971561252
352 1 1.0 0.0128694042016787
352 1 1.0 0.0447825489488439
352 1 1.0 0.0756872697551526
327 1 1.0 0.0353548611216118
327 1 1.0 0.0832940878117756
327 1 1.0 0.105728543807027
327 1 1.0 0.0455278716486968
327 1 1.0 0.0826363029641072
327 1 1.0 0.116980264188473
327 1 1.0 0.079703594336061
327 1 1.0 0.119598233432529
327 1 1.0 0.119240145350539
327 1 1.0 0.0406670148031361
353 1 1.0 0.0480149381126621
353 1 1.0 0.0198790999000534
353 1 1.0 0.0542727327186675
353 1 1.0 0.0119156837964002
353 1 1.0 0.0232597263984178
353 1 1.0 0.0330138670029507
353 1 1.0 0.0753386686692373
343 0 1.0 0.143060206250145
343 0 1.0 0.130082423328761
393 0 1.0 0.0983022193320393
391 0 1.0 0.104690529856432
394 0 1.0 0.0939330244669399
387 0 1.0 0.0824737865814514
329 0 1.0 0.127597189530365
330 0 1.0 0.102602226932158
330 0 1.0 0.111768962127585
398 0 1.0 0.0882445909698077
398 0 1.0 0.0859769227963876
320 0 1.0 0.117238988797635
367 0 1.0 0.0997662705079153
367 0 1.0 0.0892754405312871
313 0 1.0 0.15715460271163
364 0 1.0 0.0885038718634273
385 0 1.0 0.0770284096137322
352 0 1.0 0.0898095130245335
