740.92 -464.45 -29.75 - 2.53
736.49 -463.57 -29.75 - 2.53
733.83 -462.18 -30.25 - 2.66
730.66 -462.68 -30.25 - 2.66
727.63 -463.19 -30.25 - 2.66
723.83 -462.81 -30.00 - 2.66
719.02 -462.30 -30.00 - 2.91
716.86 -465.13 -29.50 - 2.03
713.69 -467.54 -29.00 - 2.03
710.28 -471.34 -28.75 - 2.03
708.50 -473.99 -28.75 - 2.03
707.62 -475.13 -28.75 - 2.53
705.21 -476.91 -28.50 - 2.15
703.31 -478.55 -28.50 - 2.15
701.41 -480.07 -28.50 - 2.15
698.88 -481.97 -28.50 - 2.15
698.50 -482.60 -28.50 - 2.15
695.08 -484.50 -28.25 - 2.15
691.29 -487.16 -28.25 - 2.15
687.87 -488.81 -28.25 - 1.77
684.07 -491.47 -28.25 - 1.77
681.67 -492.35 -28.50 - 1.77
678.50 -493.11 -28.50 - 1.77
675.71 -493.36 -28.50 - 1.77
672.68 -494.50 -28.50 - 2.03
669.38 -494.50 -28.25 - 1.65
667.49 -494.38 -28.25 - 1.65
664.70 -495.01 -28.25 - 1.90
661.36 -494.13 -28.25 - 1.90
656.67 -493.50 -28.25 - 1.90
654.14 -493.12 -28.50 - 1.90
651.36 -492.49 -28.75 - 1.90
648.70 -492.62 -28.75 - 1.65
646.42 -492.87 -28.75 - 1.65
643.76 -492.87 -28.75 - 1.65
640.09 -494.01 -28.75 - 1.65
636.67 -494.51 -28.75 - 2.41
633.88 -495.53 -28.75 - 1.52
630.97 -496.79 -28.75 - 1.77
628.95 -498.44 -28.75 - 1.52
626.54 -500.34 -28.75 - 1.52
624.90 -501.98 -28.75 - 1.39
622.62 -503.50 -28.75 - 1.39
620.72 -504.52 -28.75 - 1.39
618.31 -504.90 -29.00 - 1.39
615.27 -505.91 -29.00 - 1.39
614.13 -506.79 -29.00 - 1.39
611.10 -508.31 -29.00 - 1.39
608.69 -509.33 -29.00 - 1.27
605.65 -509.07 -29.00 - 1.27
603.12 -508.57 -28.25 - 0.89
602.18 -508.16 -29.50 - 0.89
602.18 -508.42 -29.50 - 0.89
602.06 -506.52 -29.75 - 0.89
601.93 -506.27 -29.75 - 0.89
598.26 -502.21 -29.75 - 0.89
598.13 -502.34 -29.75 - 0.89
599.90 -509.56 -30.75 - 0.89
599.65 -509.81 -30.75 - 0.89
596.74 -512.09 -30.75 - 0.89
592.81 -511.58 -31.50 - 0.89
592.31 -511.84 -31.50 - 0.89
589.52 -512.47 -31.50 - 0.89
589.40 -512.60 -31.50 - 0.89
585.34 -515.25 -31.50 - 0.89
585.34 -515.13 -31.50 - 0.89
585.72 -510.82 -31.50 - 0.89
597.12 -514.49 -31.50 - 0.89
596.99 -514.75 -31.50 - 0.89
612.49 -505.78 -29.00 - 0.51
611.10 -503.63 -29.00 - 0.51
609.83 -501.86 -29.00 - 0.51
607.55 -501.35 -29.00 - 0.51
605.40 -500.59 -29.00 - 0.51
601.98 -499.58 -29.00 - 0.51
610.21 -500.34 -29.00 - 0.51
610.46 -498.19 -29.00 - 0.51
608.82 -496.54 -29.00 - 0.51
620.72 -506.92 -28.75 - 0.76
619.58 -508.69 -28.75 - 0.38
617.81 -509.71 -28.75 - 0.38
615.27 -508.82 -28.75 - 0.38
618.06 -511.73 -29.25 - 0.63
617.55 -513.63 -29.25 - 0.63
617.05 -515.53 -29.25 - 0.51
615.91 -519.20 -29.25 - 0.51
614.89 -519.83 -29.25 - 0.13
620.97 -510.72 -29.50 - 0.38
622.11 -512.74 -29.50 - 0.38
627.43 -502.36 -28.75 - 0.63
627.55 -504.64 -28.75 - 0.51
627.05 -506.41 -28.75 - 0.38
625.66 -508.31 -28.75 - 0.25
629.83 -496.29 -28.50 - 0.38
626.54 -495.91 -28.50 - 0.38
623.63 -496.41 -28.50 - 0.38
622.36 -495.40 -28.00 - 0.38
620.34 -493.75 -28.00 - 0.38
618.69 -493.38 -27.50 - 0.38
617.55 -491.22 -27.50 - 0.38
615.65 -490.46 -27.50 - 0.38
612.69 -489.55 -27.25 - 0.89
612.31 -489.43 -27.25 - 0.89
622.87 -498.19 -28.75 - 0.38
620.97 -498.69 -28.75 - 0.38
619.58 -498.95 -28.25 - 0.38
635.53 -492.49 -29.25 - 0.51
633.12 -491.86 -29.25 - 0.51
630.34 -491.60 -29.25 - 0.51
627.81 -491.73 -29.50 - 0.51
626.16 -491.60 -30.00 - 0.51
621.48 -491.35 -30.25 - 0.51
617.30 -491.98 -30.25 - 0.51
612.18 -494.11 -29.75 - 0.89
612.06 -494.36 -29.75 - 0.89
606.99 -495.38 -29.75 - 0.89
606.74 -495.50 -29.75 - 0.89
602.06 -495.63 -29.75 - 0.89
601.55 -495.38 -29.75 - 0.89
601.55 -495.50 -29.75 - 0.89
597.88 -495.63 -29.75 - 0.89
597.88 -495.76 -29.75 - 0.89
595.22 -497.78 -29.25 - 0.89
595.09 -497.91 -29.25 - 0.89
590.66 -499.43 -29.00 - 0.89
590.41 -499.68 -29.00 - 0.89
596.99 -493.98 -31.25 - 0.89
596.86 -494.11 -31.25 - 0.89
594.59 -493.61 -30.25 - 0.89
594.33 -493.86 -30.25 - 0.89
591.42 -494.74 -30.25 - 0.89
591.04 -495.00 -30.25 - 0.89
589.40 -494.87 -30.25 - 0.89
589.52 -495.12 -30.25 - 0.89
586.36 -496.64 -30.25 - 0.89
586.10 -496.64 -30.25 - 0.89
580.28 -495.63 -30.25 - 0.89
580.41 -495.88 -30.25 - 0.89
588.38 -494.24 -31.50 - 0.89
587.75 -493.98 -31.50 - 0.89
583.82 -493.98 -31.50 - 0.89
583.95 -493.98 -31.50 - 0.89
594.33 -492.97 -30.25 - 0.89
593.83 -492.59 -30.25 - 0.89
593.32 -492.34 -30.25 - 0.89
592.31 -492.09 -30.25 - 0.89
591.42 -491.83 -30.25 - 0.89
587.50 -492.09 -30.25 - 0.89
587.12 -492.09 -30.25 - 0.89
586.86 -491.96 -30.25 - 0.89
586.48 -491.96 -30.25 - 0.89
586.23 -491.83 -30.25 - 0.89
585.98 -491.83 -30.25 - 0.89
585.72 -491.71 -30.25 - 0.89
585.47 -491.71 -30.25 - 0.89
585.34 -491.83 -30.25 - 0.89
585.47 -491.83 -30.25 - 0.89
636.54 -498.06 -28.25 - 0.51
636.16 -501.35 -28.25 - 0.51
635.53 -504.39 -28.25 - 0.38
654.01 -495.65 -28.50 - 0.63
650.60 -497.93 -28.50 - 0.63
648.70 -499.07 -28.50 - 0.25
646.62 -500.31 -30.25 - 0.89
646.24 -500.31 -30.25 - 0.89
643.33 -501.07 -30.25 - 0.89
643.07 -501.20 -30.25 - 0.89
638.39 -500.06 -30.25 - 0.89
638.14 -499.81 -30.25 - 0.89
650.72 -500.21 -29.00 - 0.25
650.47 -502.87 -29.00 - 0.25
650.72 -504.64 -29.00 - 0.25
663.51 -497.68 -28.50 - 0.51
661.99 -500.46 -28.75 - 0.51
660.98 -501.98 -29.00 - 0.51
659.84 -502.87 -29.00 - 0.51
657.25 -503.99 -31.25 - 0.89
657.13 -504.11 -31.25 - 0.89
653.33 -505.89 -32.25 - 0.89
651.56 -506.64 -33.75 - 0.89
671.48 -497.68 -28.75 - 0.63
669.46 -498.57 -28.00 - 0.38
668.07 -498.69 -28.00 - 0.25
666.42 -497.93 -28.00 - 0.25
665.28 -497.93 -28.00 - 0.25
667.56 -500.21 -27.50 - 0.25
665.15 -501.10 -27.50 - 0.25
664.02 -500.46 -27.50 - 0.25
671.86 -500.59 -28.50 - 0.25
671.10 -502.11 -28.50 - 0.25
670.35 -503.88 -28.50 - 0.25
673.64 -501.10 -28.50 - 0.25
675.79 -500.84 -28.00 - 0.25
676.42 -499.71 -28.00 - 0.25
675.79 -498.95 -28.00 - 0.25
681.49 -495.78 -28.75 - 0.51
680.35 -497.81 -28.75 - 0.51
679.33 -499.20 -28.75 - 0.51
679.71 -501.22 -29.50 - 0.51
679.46 -503.00 -30.25 - 0.13
677.18 -505.15 -30.25 - 0.13
674.78 -506.41 -30.25 - 0.13
672.75 -507.05 -30.25 - 0.13
680.47 -502.62 -30.25 - 0.76
681.36 -504.14 -30.75 - 0.76
683.26 -506.41 -31.25 - 0.25
683.64 -508.57 -31.25 - 0.13
698.83 -485.40 -29.00 - 0.51
698.32 -487.93 -29.00 - 0.51
696.55 -491.10 -29.00 - 0.51
696.17 -494.26 -29.50 - 0.51
696.55 -496.92 -29.50 - 0.25
698.32 -499.71 -28.75 - 0.25
699.41 -502.85 -29.25 - 0.89
697.51 -504.75 -29.50 - 0.89
697.38 -504.87 -29.50 - 0.89
695.11 -507.40 -29.50 - 0.89
694.98 -507.66 -29.50 - 0.89
702.20 -504.87 -29.50 - 0.89
702.45 -505.13 -29.50 - 0.89
705.23 -510.44 -29.50 - 0.89
705.23 -510.70 -29.50 - 0.89
705.11 -512.72 -29.50 - 0.89
704.98 -512.97 -29.50 - 0.89
695.03 -491.98 -29.00 - 0.25
692.12 -493.00 -29.00 - 0.25
690.85 -493.88 -29.00 - 0.25
710.05 -476.79 -29.00 - 0.51
711.82 -477.67 -29.00 - 0.51
713.85 -476.28 -29.00 - 0.51
717.14 -475.02 -28.75 - 0.51
719.93 -473.75 -28.75 - 0.51
722.34 -473.37 -28.75 - 0.51
721.94 -471.06 -28.25 - 0.89
722.06 -470.93 -28.25 - 0.89
724.09 -468.02 -28.25 - 0.89
724.09 -468.15 -28.25 - 0.89
724.47 -476.50 -28.75 - 0.89
724.34 -476.76 -28.75 - 0.89
711.70 -479.95 -29.00 - 0.51
711.70 -483.37 -29.00 - 0.51
711.19 -486.16 -29.00 - 0.51
709.04 -489.07 -29.00 - 0.38
709.17 -491.73 -29.00 - 0.13
717.29 -459.27 -28.25 - 2.28
715.52 -457.49 -28.25 - 2.28
712.61 -456.35 -28.25 - 1.90
708.94 -456.48 -28.25 - 1.90
705.27 -455.97 -28.25 - 1.77
701.97 -455.59 -28.00 - 1.77
697.54 -454.20 -28.00 - 1.77
691.09 -453.69 -27.75 - 1.77
687.86 -454.34 -27.50 - 1.39
683.93 -455.47 -27.50 - 1.39
679.37 -456.49 -27.50 - 1.39
674.31 -458.26 -27.25 - 1.65
671.02 -458.26 -27.25 - 1.65
667.22 -458.26 -26.75 - 1.90
665.83 -460.41 -26.75 - 1.52
664.05 -462.44 -26.75 - 1.27
661.90 -463.83 -27.00 - 1.27
658.86 -464.97 -27.00 - 1.27
654.69 -466.36 -26.75 - 1.27
652.03 -466.49 -26.75 - 1.27
648.86 -466.36 -26.75 - 1.27
646.33 -466.62 -26.50 - 1.27
643.67 -467.25 -26.50 - 1.27
641.39 -467.37 -26.50 - 1.27
638.10 -467.63 -27.00 - 1.27
635.06 -467.25 -27.50 - 1.27
633.03 -468.11 -28.00 - 0.89
629.62 -468.75 -28.00 - 0.89
627.08 -468.24 -28.00 - 0.76
623.79 -467.61 -28.00 - 0.76
621.89 -467.99 -28.25 - 0.38
618.86 -468.24 -28.25 - 0.38
616.96 -467.99 -28.25 - 0.38
621.89 -466.85 -28.00 - 0.38
620.63 -466.47 -28.00 - 0.38
627.84 -470.27 -28.00 - 0.76
625.94 -470.52 -28.00 - 0.76
624.17 -470.90 -28.00 - 0.76
622.27 -471.53 -28.00 - 0.76
620.12 -472.54 -28.00 - 0.76
618.35 -470.65 -27.75 - 0.38
615.82 -470.77 -27.75 - 0.38
613.54 -472.42 -27.75 - 0.38
611.13 -472.54 -27.75 - 0.38
609.23 -472.17 -27.75 - 0.38
618.48 -473.05 -27.50 - 0.63
616.58 -474.06 -27.50 - 0.51
614.80 -474.57 -27.50 - 0.51
613.03 -474.32 -27.50 - 0.51
609.74 -475.08 -27.50 - 0.51
608.35 -474.57 -27.50 - 0.51
606.70 -475.08 -28.00 - 0.51
603.92 -475.20 -28.00 - 0.51
602.27 -476.09 -28.00 - 0.51
599.61 -476.34 -28.00 - 0.51
599.11 -475.58 -28.00 - 0.51
597.21 -475.46 -28.00 - 0.51
594.29 -475.33 -28.00 - 0.51
591.64 -476.09 -28.00 - 0.51
589.48 -475.20 -28.00 - 0.51
587.08 -474.32 -28.00 - 0.51
589.23 -477.48 -28.00 - 0.51
586.07 -478.62 -28.00 - 0.51
615.82 -475.96 -27.25 - 0.51
622.78 -470.14 -27.75 - 0.13
620.12 -470.14 -27.75 - 0.13
633.67 -465.96 -27.50 - 0.51
630.63 -465.71 -27.50 - 0.51
627.59 -465.46 -27.50 - 0.51
625.06 -464.32 -27.75 - 0.51
624.05 -464.57 -27.75 - 0.51
623.67 -462.54 -27.75 - 0.51
621.89 -461.53 -28.00 - 0.51
617.97 -460.64 -28.00 - 0.51
616.07 -459.13 -28.00 - 0.51
613.79 -460.01 -28.00 - 0.51
612.65 -460.26 -27.25 - 0.51
611.01 -460.14 -27.00 - 0.51
608.09 -460.64 -27.00 - 0.51
606.57 -460.14 -27.75 - 0.51
604.04 -459.63 -27.75 - 0.51
600.50 -460.26 -27.75 - 0.51
598.35 -459.76 -28.25 - 0.51
595.94 -458.75 -28.25 - 0.51
593.41 -458.37 -28.25 - 0.13
605.06 -462.04 -27.25 - 0.25
602.90 -463.43 -27.25 - 0.25
600.37 -464.82 -27.25 - 0.25
598.60 -466.09 -27.25 - 0.25
605.69 -461.28 -26.75 - 0.25
603.41 -461.66 -26.75 - 0.25
601.26 -462.29 -26.25 - 0.25
598.09 -461.40 -26.25 - 0.25
595.31 -461.78 -26.25 - 0.25
611.51 -461.78 -27.25 - 0.38
606.95 -463.81 -27.25 - 0.38
603.16 -465.46 -27.50 - 0.38
615.69 -462.29 -27.75 - 0.38
612.90 -464.06 -27.75 - 0.38
610.63 -465.08 -27.25 - 0.38
607.46 -468.11 -26.75 - 0.38
605.94 -469.63 -26.75 - 0.38
602.14 -472.17 -25.50 - 0.38
600.50 -472.80 -25.50 - 0.38
598.73 -473.43 -25.50 - 0.38
594.93 -473.56 -25.50 - 0.38
591.38 -474.57 -25.50 - 0.38
588.09 -476.34 -25.50 - 0.38
586.32 -477.61 -25.50 - 0.13
597.21 -474.57 -25.50 - 0.13
593.91 -478.62 -25.50 - 0.13
590.37 -479.63 -25.50 - 0.13
587.58 -478.37 -25.50 - 0.13
621.77 -464.82 -27.25 - 0.38
620.37 -465.20 -27.25 - 0.51
616.45 -465.20 -27.25 - 0.63
613.79 -466.09 -27.50 - 0.63
612.27 -467.73 -27.50 - 0.51
608.35 -469.89 -27.50 - 0.51
611.51 -466.21 -27.25 - 0.25
608.35 -466.97 -27.25 - 0.25
607.08 -466.21 -27.25 - 0.25
603.79 -467.35 -27.25 - 0.13
601.38 -466.85 -27.25 - 0.13
600.88 -466.34 -27.25 - 0.13
653.04 -468.49 -26.50 - 0.63
652.02 -469.25 -26.50 - 0.63
651.14 -470.90 -26.50 - 0.63
649.24 -471.53 -26.50 - 0.38
646.20 -473.43 -26.50 - 0.38
642.53 -473.94 -26.50 - 0.38
642.28 -473.43 -26.50 - 0.38
651.01 -473.18 -26.50 - 0.38
649.11 -473.68 -26.50 - 0.38
646.45 -474.44 -26.50 - 0.38
651.14 -475.33 -26.50 - 0.38
651.39 -477.36 -26.50 - 0.38
653.54 -478.75 -26.50 - 0.38
650.00 -469.00 -26.50 - 0.38
645.19 -469.89 -26.50 - 0.38
641.26 -470.77 -26.50 - 0.38
637.34 -471.79 -26.50 - 0.38
636.20 -472.29 -26.25 - 0.38
634.17 -471.66 -26.25 - 0.38
631.52 -471.66 -26.00 - 0.38
629.62 -472.04 -26.00 - 0.38
627.46 -472.17 -26.75 - 0.38
626.70 -472.42 -26.75 - 0.38
634.55 -473.43 -25.75 - 0.38
632.65 -473.94 -25.75 - 0.38
664.79 -456.33 -26.75 - 1.65
663.77 -455.95 -26.75 - 1.65
661.87 -453.80 -26.25 - 1.65
659.60 -452.15 -25.75 - 1.65
659.09 -450.63 -25.75 - 1.65
656.81 -449.87 -25.50 - 1.14
654.15 -448.99 -25.50 - 1.01
649.47 -449.37 -25.50 - 1.01
648.64 -447.45 -25.50 - 0.63
646.49 -446.06 -25.50 - 0.63
644.71 -443.53 -25.50 - 0.63
641.67 -442.26 -25.50 - 0.63
637.75 -439.85 -25.50 - 0.63
637.12 -437.07 -26.00 - 0.63
637.12 -434.41 -26.00 - 0.38
635.34 -433.52 -26.00 - 0.25
633.07 -432.89 -26.00 - 0.13
628.89 -433.40 -26.00 - 0.13
626.10 -433.65 -26.00 - 0.13
634.97 -437.32 -26.00 - 0.13
631.29 -435.93 -26.00 - 0.13
628.00 -434.79 -26.00 - 0.13
624.58 -436.06 -26.00 - 0.13
636.23 -440.23 -25.50 - 0.51
633.07 -440.61 -25.50 - 0.51
628.76 -440.49 -25.50 - 0.51
625.34 -441.37 -25.50 - 0.38
639.40 -443.15 -26.25 - 0.38
635.34 -443.27 -26.25 - 0.38
629.77 -443.78 -26.25 - 0.38
627.50 -445.80 -27.00 - 0.13
625.22 -447.96 -27.00 - 0.13
621.42 -450.99 -27.00 - 0.13
618.00 -452.89 -27.00 - 0.13
646.99 -449.98 -25.75 - 0.38
644.97 -450.11 -25.75 - 0.63
641.04 -449.48 -25.75 - 0.63
636.61 -449.98 -25.75 - 0.63
635.72 -450.36 -25.75 - 0.63
633.07 -448.84 -25.75 - 0.51
630.79 -448.59 -26.00 - 0.51
626.10 -449.60 -26.00 - 0.51
624.46 -449.22 -26.00 - 0.51
619.90 -449.48 -26.00 - 0.51
615.60 -448.59 -26.00 - 0.51
613.82 -446.44 -26.00 - 0.51
611.67 -444.41 -26.00 - 0.51
624.71 -451.63 -26.75 - 0.51
620.53 -453.78 -26.75 - 0.51
615.85 -453.53 -26.75 - 0.51
613.06 -453.91 -26.75 - 0.51
610.78 -453.91 -26.75 - 0.38
608.51 -452.89 -26.50 - 0.38
604.45 -452.64 -26.50 - 0.25
610.28 -455.17 -27.50 - 0.13
607.62 -455.43 -27.50 - 0.13
604.58 -455.05 -27.50 - 0.13
602.43 -456.31 -27.50 - 0.13
603.57 -457.70 -27.50 - 0.13
634.59 -452.39 -25.00 - 0.63
633.57 -453.15 -25.00 - 0.63
630.41 -455.17 -25.00 - 0.63
626.36 -456.57 -25.00 - 0.63
624.46 -457.83 -25.00 - 0.63
622.68 -458.08 -25.00 - 0.25
619.65 -458.08 -25.00 - 0.13
623.70 -459.48 -25.00 - 0.13
623.70 -459.48 -25.00 - 0.13
622.18 -460.36 -25.00 - 0.13
634.21 -454.79 -25.00 - 0.38
632.94 -457.20 -25.00 - 0.38
631.67 -459.86 -25.00 - 0.38
630.28 -461.50 -25.00 - 0.38
636.10 -455.55 -25.00 - 0.38
638.51 -455.55 -25.75 - 0.38
641.17 -457.20 -25.75 - 0.38
644.59 -457.45 -25.75 - 0.38
660.29 -448.59 -25.00 - 0.51
663.58 -447.32 -25.00 - 0.51
665.48 -446.56 -25.00 - 0.38
667.37 -444.79 -25.00 - 0.38
668.64 -443.78 -25.00 - 0.38
665.22 -448.34 -25.00 - 0.38
664.72 -451.12 -24.75 - 0.38
667.37 -448.72 -25.00 - 0.38
670.03 -448.97 -25.00 - 0.38
670.92 -448.84 -25.75 - 0.38
672.57 -448.59 -25.75 - 0.13
674.21 -448.72 -25.75 - 0.13
675.10 -449.10 -25.75 - 0.13
672.44 -450.36 -25.75 - 0.13
661.55 -458.08 -26.75 - 0.51
659.15 -459.60 -26.75 - 0.51
657.25 -460.49 -26.75 - 0.51
655.73 -462.01 -26.75 - 0.38
653.07 -463.53 -26.75 - 0.38
651.80 -463.15 -26.75 - 0.38
655.35 -460.36 -27.00 - 0.38
652.18 -460.36 -27.00 - 0.38
649.02 -461.76 -26.50 - 0.38
647.75 -461.50 -26.50 - 0.13
646.61 -462.01 -26.50 - 0.13
648.26 -462.90 -26.50 - 0.13
674.08 -459.73 -27.00 - 0.51
673.07 -461.63 -27.00 - 0.38
671.81 -463.91 -27.00 - 0.38
671.05 -464.54 -27.00 - 0.38
669.40 -465.81 -27.00 - 0.38
666.99 -467.33 -27.00 - 0.38
664.34 -467.07 -27.25 - 0.38
661.42 -467.71 -27.25 - 0.38
666.49 -469.60 -27.00 - 0.38
664.97 -472.90 -27.25 - 0.38
664.08 -474.80 -27.50 - 0.38
662.69 -474.42 -27.50 - 0.38
660.29 -474.67 -27.50 - 0.38
659.15 -475.93 -27.50 - 0.38
671.93 -467.71 -26.75 - 0.38
670.67 -469.48 -26.75 - 0.13
668.77 -471.88 -26.75 - 0.13
668.26 -472.64 -26.75 - 0.13
673.45 -468.59 -26.75 - 0.13
675.35 -470.36 -26.75 - 0.13
677.00 -470.87 -26.75 - 0.13
675.09 -460.41 -26.75 - 0.38
676.36 -461.30 -26.75 - 0.51
678.89 -461.42 -26.75 - 0.51
680.92 -462.06 -26.75 - 0.38
684.46 -462.18 -26.75 - 0.38
687.63 -461.55 -26.75 - 0.38
690.54 -460.79 -26.75 - 0.38
692.57 -460.28 -26.75 - 0.38
695.10 -460.66 -26.75 - 0.38
693.32 -462.56 -27.50 - 0.38
695.10 -464.71 -27.50 - 0.38
689.16 -463.06 -27.00 - 0.51
681.80 -460.41 -26.75 - 0.51
684.08 -459.78 -26.75 - 0.51
685.48 -458.51 -25.75 - 0.51
690.87 -451.37 -27.50 - 1.77
690.11 -448.08 -27.50 - 1.77
688.21 -444.91 -27.50 - 1.77
686.56 -443.52 -27.25 - 1.52
684.03 -441.49 -27.25 - 2.15
681.88 -441.75 -26.50 - 1.39
680.11 -440.86 -26.50 - 1.39
677.83 -439.85 -25.50 - 1.01
676.31 -438.46 -25.50 - 1.01
673.78 -437.57 -24.75 - 1.01
671.42 -437.22 -24.75 - 1.01
671.37 -437.19 -25.00 - 1.01
669.85 -438.08 -24.00 - 1.01
667.32 -438.33 -24.00 - 1.01
664.79 -438.33 -24.00 - 1.01
662.00 -437.57 -24.00 - 1.01
659.98 -436.94 -24.00 - 1.01
656.69 -435.67 -24.25 - 1.01
654.15 -435.42 -24.25 - 1.01
652.00 -435.42 -24.00 - 1.01
648.84 -434.66 -24.00 - 1.01
644.91 -433.26 -24.00 - 1.01
641.88 -432.38 -24.50 - 1.01
639.60 -431.74 -24.50 - 1.01
637.70 -430.86 -24.50 - 1.01
635.29 -430.73 -24.50 - 0.76
633.39 -429.97 -24.00 - 0.76
630.21 -430.04 -24.25 - 0.63
627.17 -429.79 -24.25 - 0.63
624.64 -429.91 -24.25 - 0.63
622.23 -429.15 -24.25 - 0.63
620.21 -428.52 -24.25 - 0.63
617.55 -428.14 -24.25 - 0.63
615.78 -426.37 -24.25 - 0.63
612.99 -424.97 -24.25 - 0.63
610.71 -423.96 -24.25 - 0.63
607.04 -422.82 -24.25 - 0.25
604.51 -420.67 -24.25 - 0.13
601.79 -420.42 -24.25 - 0.89
601.67 -420.42 -24.25 - 0.89
620.33 -430.04 -24.25 - 0.63
616.79 -430.29 -24.25 - 0.63
614.26 -431.18 -24.25 - 0.63
613.24 -432.32 -24.00 - 0.63
610.84 -432.44 -24.00 - 0.63
608.81 -432.32 -24.00 - 0.63
606.03 -434.34 -23.75 - 0.38
603.87 -435.99 -23.75 - 0.38
601.34 -437.76 -23.75 - 0.38
599.44 -437.76 -23.75 - 0.38
596.15 -436.75 -23.75 - 0.38
595.14 -436.75 -23.75 - 0.38
607.04 -432.06 -23.50 - 0.38
604.63 -431.68 -23.50 - 0.38
602.36 -432.19 -23.50 - 0.38
612.99 -434.72 -23.75 - 0.38
609.82 -435.48 -23.75 - 0.38
606.91 -437.38 -23.75 - 0.38
605.65 -439.41 -23.75 - 0.38
604.38 -439.79 -23.50 - 0.38
613.62 -430.29 -24.25 - 0.51
613.24 -428.90 -24.25 - 0.38
631.22 -427.38 -23.50 - 0.38
629.07 -425.73 -23.50 - 0.38
628.30 -423.59 -23.50 - 0.38
627.54 -421.05 -23.50 - 0.38
624.76 -421.43 -23.50 - 0.38
622.61 -420.42 -23.50 - 0.38
620.08 -418.01 -23.50 - 0.38
628.94 -419.15 -23.50 - 0.38
628.94 -417.12 -23.50 - 0.38
670.28 -435.20 -23.75 - 0.76
670.02 -435.07 -23.75 - 0.76
667.75 -432.03 -23.50 - 0.76
667.75 -432.29 -23.50 - 0.76
670.78 -429.25 -22.75 - 0.76
670.91 -429.25 -22.75 - 0.76
665.47 -430.77 -22.00 - 0.76
665.59 -430.77 -22.00 - 0.76
665.97 -427.73 -22.25 - 0.76
665.85 -427.73 -22.25 - 0.76
668.25 -422.79 -22.25 - 0.76
668.25 -423.05 -22.25 - 0.76
663.31 -431.40 -22.00 - 0.76
663.19 -431.53 -22.00 - 0.76
658.50 -430.51 -22.00 - 0.76
658.38 -430.77 -22.00 - 0.76
685.11 -438.33 -26.50 - 0.76
686.50 -434.28 -26.50 - 0.76
687.13 -431.24 -26.50 - 0.76
687.64 -428.84 -27.25 - 0.76
688.90 -428.20 -27.25 - 0.13
690.03 -427.28 -25.75 - 0.42
690.24 -427.18 -25.75 - 0.42
693.05 -426.30 -25.75 - 0.42
693.10 -426.35 -25.75 - 0.42
694.19 -426.45 -25.75 - 0.42
694.19 -426.51 -25.75 - 0.42
687.26 -427.57 -27.00 - 0.38
686.50 -426.56 -27.00 - 0.38
689.79 -441.75 -27.50 - 0.51
689.66 -439.98 -26.75 - 0.38
690.04 -437.70 -26.75 - 0.38
690.80 -440.86 -27.50 - 0.38
692.20 -440.23 -27.50 - 0.38
692.45 -442.26 -28.00 - 0.38
692.70 -443.65 -28.00 - 0.38
693.84 -440.23 -27.50 - 0.38
695.36 -439.85 -27.50 - 0.38
697.01 -440.74 -27.50 - 0.38
699.79 -440.61 -27.50 - 0.38
701.31 -439.60 -27.50 - 0.38
717.14 -453.27 -28.25 - 0.76
717.26 -451.88 -28.25 - 0.51
718.40 -448.46 -28.25 - 0.38
716.63 -446.69 -28.00 - 0.38
716.12 -443.65 -28.00 - 0.38
716.88 -441.24 -28.00 - 0.38
719.03 -447.07 -28.00 - 0.38
720.68 -444.66 -28.00 - 0.38
721.06 -442.38 -28.00 - 0.38
713.84 -450.49 -28.75 - 0.38
711.06 -450.23 -28.75 - 0.38
709.67 -450.74 -28.75 - 0.25
708.91 -451.88 -28.75 - 0.25
719.03 -453.52 -28.75 - 0.25
723.47 -453.90 -28.75 - 0.25
726.63 -451.88 -28.75 - 0.25
730.68 -450.11 -28.75 - 0.25
731.44 -446.94 -29.25 - 0.25
731.44 -443.90 -29.25 - 0.25
731.82 -442.51 -29.25 - 0.25
733.09 -449.60 -28.75 - 0.25
736.38 -448.71 -28.75 - 0.25
724.98 -455.93 -28.75 - 0.25
728.53 -457.07 -29.50 - 0.25
730.81 -456.44 -28.75 - 0.25
734.48 -455.17 -28.75 - 0.25
736.63 -455.17 -28.75 - 0.25
725.42 -468.47 -30.50 - 0.25
722.63 -470.49 -30.50 - 0.25
721.37 -472.27 -30.50 - 0.25
720.99 -473.91 -30.50 - 0.25
719.85 -475.81 -30.50 - 0.25
717.31 -477.96 -30.50 - 0.25
715.54 -480.12 -30.50 - 0.25
719.85 -478.22 -30.50 - 0.25
722.25 -475.43 -30.50 - 0.25
722.63 -476.95 -30.50 - 0.25
721.75 -477.46 -30.50 - 0.25
733.18 -459.77 -30.50 - 0.63
733.18 -455.72 -30.50 - 0.63
733.18 -452.30 -30.50 - 0.51
734.45 -449.39 -30.50 - 0.51
735.46 -444.83 -30.50 - 0.13
736.10 -442.81 -30.50 - 0.13
736.25 -442.33 -29.00 - 1.52
740.30 -440.05 -29.00 - 1.52
740.30 -440.31 -29.00 - 1.52
746.13 -436.00 -28.25 - 1.52
746.13 -436.51 -28.25 - 1.52
734.48 -439.04 -28.50 - 1.52
734.23 -438.53 -28.50 - 1.52
732.96 -433.22 -28.50 - 1.52
733.21 -433.47 -28.50 - 1.52
733.21 -429.67 -27.75 - 1.52
733.21 -429.17 -27.75 - 1.52
736.00 -423.09 -27.75 - 1.52
735.74 -430.94 -28.50 - 1.52
739.04 -425.11 -28.50 - 1.52
739.04 -425.37 -28.50 - 1.52
