# pointset GranulePoints from testgl/Granular_Layer.9ML
4.55591759297602 21.5855881162992 2.96191240885779
14.2033425021805 2.05738999395471 3.05957783321809
13.6008239649105 12.0227006796045 3.18861491991695
4.18909472584241 43.4640131060134 6.36245647852135
11.2937176418634 32.1775529528663 12.8547423871784
1.03507147166795 11.568068499853 14.0125142813822
2.92660333848607 25.3310172529415 17.2315187898371
13.3644041066616 2.35442894264156 20.6580916386271
4.97514587236857 35.2532871481861 30.6489974397836
7.47459957955962 35.4571689573899 33.2198170993467
10.3280806453693 28.4724635605036 36.510779111677
7.35206442017411 42.9188104335956 37.2444753495668
9.02686312578926 49.9974016717583 28.1095815822078
0.658893905667862 72.5292936465003 2.29660358927511
2.23325665079263 62.7726578018816 2.50491317737777
9.26784854674499 75.2413480882678 12.1956045404776
1.49783713892009 66.341194365511 13.4310724784386
11.4473155182491 58.6655079964693 25.2667623069721
10.7446245884861 78.1439221995751 28.3374886895283
11.8693735061218 73.9556897905655 29.278531384217
0.358511271898691 50.6704690663018 29.50614931315
3.18728519582235 54.4257150992579 33.9167367960812
8.56318479038241 76.7078416693199 40.029172656808
10.1706343463333 51.3222633545647 41.6392150084156
14.2518695308906 67.3425102445543 0.226515829075719
15.6948729437347 46.5755420914787 0.149546472738268
25.2160593838375 0.330764022848541 2.17774902331079
31.726753325652 36.8058585689625 2.70835831951381
15.0899648780729 21.118299732487 5.07728442336511
22.6279673539292 29.8113875604532 7.93836519186736
24.4847549520722 40.4822119042744 8.1898723326945
20.8914629622426 9.00670204730781 11.0759219687016
17.2885090694341 17.7708397318615 17.8835123802823
25.0833647893479 42.4482241285487 23.7701888247451
28.3723644888692 12.4988100945608 25.3473885071876
20.8118553694578 22.7191190283579 36.8251721909516
19.1165772082481 27.3926640924636 37.9982633572699
25.6317973001331 50.3473011344509 29.057856606864
19.7063185807899 50.6422001486065 5.7779028610739
19.734520556327 73.1431392283437 7.95324283985335
19.4405070811994 77.2058000813424 9.85914798207405
15.1725649372009 59.8074976154207 10.4669898039618
27.6669272784543 52.0869673525848 16.3512673224269
20.8427618204656 65.8437212591181 25.3604890501417
15.1732646006297 59.2139958227729 26.0964082464277
25.9053814354505 58.4559433982597 29.8539734095055
17.1891373727259 78.0952595266998 32.9233777854786
17.0155837643914 71.8624204140842 38.8327244723538
22.5217588286178 66.8205685834157 39.2866836561558
3.89495460498962 40.0868849251116 42.7493858712559
0.924043789542971 5.54537213475572 43.9715968579551
2.36752117306524 19.5022519610632 51.6632023069223
6.52880712157391 27.933965855389 53.5428702377941
3.70063413884674 34.870563840258 55.4534219079033
3.3586157921281 14.2511242737744 59.366797573631
14.7490228108234 18.6090188551358 65.2158982831879
0.6891808559782 30.7362968690805 69.6093421879959
11.4367746083252 34.2935912818057 73.197598804195
10.0464383857971 39.5841338835488 77.9435246186292
6.49922223346429 35.7669088296455 78.2539113720458
14.5696621253856 40.0433537988727 82.2555446511726
14.5738866376829 23.2932201091488 83.0681669071915
1.69112699806145 43.1422577153311 55.3726659519802
6.91272534434429 65.5877988252061 45.6339808604474
8.69824971749466 54.7685474085609 46.229895848658
14.1143852579881 68.060619291331 47.666295496715
2.0365867521876 51.29649091264 48.4926163585363
12.6055576792611 75.6716276987387 51.22149964277
13.6529699374271 60.4113309484519 75.1661000379157
10.6250663809131 73.9309011248526 75.5876620546504
8.73369931915621 54.8460905220768 80.8196789021568
9.65902369307801 58.5561736914877 81.6381181780694
7.2041456320344 54.0304615163898 84.1810717184627
12.3010904249227 73.1515994202823 87.2976938176211
15.6914117977022 31.5594111194602 44.3771487428275
23.8357085182635 4.17774622055043 45.1729532380202
23.8182561993469 15.9253278545008 49.6357676821124
15.86115138296 12.4103233880105 54.802932414117
21.5835221000372 25.6791520921637 61.0351944055855
16.6361245315778 9.85534828771281 63.8161263272924
27.4533464039045 2.3572848134723 77.8353717898378
26.6527273544199 5.61594227074772 79.8557359100789
21.3278751213557 24.6810535296643 85.8509303499781
23.8845007816404 26.8808656322784 92.2471910863638
26.0997819512365 7.67904984306806 92.8620948831863
26.0572208696883 23.5814313650917 97.5622323173998
30.5482266382628 32.3603951625184 97.8291138845086
23.4001776666436 39.1513415041694 90.6936258319396
22.3573956466255 59.407115407054 48.8044445474145
23.8669240411023 39.2118351168251 49.0574265318909
30.7280484291299 65.3429208660367 55.2545515993396
19.3679169104796 53.8467623403816 58.4650810222538
26.9036777928806 51.7022425979756 59.6168105983028
20.7441854410889 73.9825049566724 64.2995285851398
23.7441064945006 49.3815846758133 65.3969784277855
21.2697990981727 60.0336015433949 65.7951238560175
22.646181248728 65.9093834673044 71.3583679767335
16.8286269427275 72.0347869277663 80.464615620408
16.3758294839998 64.5898657734783 87.8608458474667
22.2204649390083 78.5943927277667 32.3992659585292
1.13113252931617 115.226928111902 10.3495022680272
9.23948830800807 89.4021969489608 14.0633742917043
8.5905103368227 91.4545770114462 15.1239279676776
8.3727102309045 88.9183583621445 16.9540573608766
9.8702980739919 115.682803685926 20.7725744061644
10.6036639818094 78.9366947449151 22.5801522362204
5.30022123205867 124.704588346578 22.7020985008791
6.95573577918614 124.406826503018 28.7446022355018
8.32989438478426 92.9838700772784 28.9359559005091
0.610101261264943 107.705579055547 29.3255393848526
10.8555152278674 98.5319413191968 29.9435570601147
10.1502073998827 122.126847896195 34.1015281963651
9.84183656202282 126.579396317532 16.542365816458
2.45255668710062 141.852478022761 1.60213383403175
10.01182539613 144.051869103607 1.70500177201134
10.7817296027106 147.498656273384 2.74305628529019
3.97969989190529 146.55480991792 3.93196615176146
5.73300420128416 130.657049109744 11.0146584032319
5.80006070844452 127.415473331581 14.159970285696
2.15227308704951 128.546299538845 21.925856009752
11.5635167654842 130.58869488198 23.7865874473714
10.1409692332428 132.579632659986 28.4063630766786
10.4560522023759 140.570157131298 33.0041593018291
4.73192255225039 134.593091239771 35.7732269791186
11.6283857660103 80.9617794746236 4.20405354991005
27.7469182161478 121.40107526657 1.33354450609556
19.3258159484361 119.179243949479 1.42473575087352
21.8572386077191 99.4935499236028 11.2370957054189
19.6950559574609 109.190454969651 11.3494657691281
19.3897449468667 119.590159499297 13.0613860715076
15.7365091736158 117.450918163821 16.0323952832921
30.3092947737051 90.659659935405 19.2155004299626
12.7646360380154 100.960113405671 27.6913060064339
16.5466112106974 103.934532617476 28.2094565289915
12.0172708374015 96.5889182958208 29.2550402650081
17.0068755831182 97.3608524904463 29.374581096915
12.5809690042573 107.73626458873 32.3468818974996
16.3538523293577 126.981224267558 7.69628020590206
27.4538982723649 140.360056710723 1.31535761705867
26.4770676478764 136.21337208389 3.13519077904662
19.5204485914488 136.995437994709 12.5566791901198
24.941373313614 138.272972786348 15.8022421679115
26.5533304038146 133.160452782846 25.8221254398359
13.9400043487994 135.056649984316 27.6151314686097
15.025202190446 147.018369658541 28.3937945045014
27.0028230184281 132.064029053464 31.0676474306971
22.7207434850699 133.19736512358 31.1214793354279
15.326603496886 140.252504344205 33.6510446596425
29.115272238922 135.552721734528 34.2751871844328
6.89633531419187 104.256311010618 37.1914449610238
4.90148718031266 102.935599390953 40.0874548405971
3.01536396662172 103.997581339872 43.0565047267977
12.8396969469708 106.479956611643 43.2918603634549
0.000842349863959591 101.514357855444 45.0595238786696
4.83905275447647 88.1705615213534 45.2901806176811
5.15487892567264 97.9631109907839 45.8451564327725
12.7148966105623 115.4091336977 49.6095096745381
9.02706522049784 109.111877336135 51.4363407183347
12.614263032647 79.5205158829288 63.9345643698359
5.58040824293539 117.304163704207 67.4917853889252
9.53633667853659 112.554607276839 74.4283967562597
14.3220051797045 88.5330557827902 75.3271295860179
0.110121102069874 118.239258473617 70.0550398943754
4.75422477560902 125.698726829299 41.6100997249832
5.71605554596472 128.830055780182 41.8097513302647
5.09160476190435 143.150679833539 48.3234000576039
4.99975936030407 134.719106700768 49.0490957744671
4.42759665240965 123.333248576255 53.9691648798492
7.6513435655682 148.200999235714 54.2467507333678
9.14649393276015 131.203502147373 65.0653366372435
9.54508462314666 128.778700331629 70.5257980502446
4.09587443174524 129.606315531932 78.8161696063384
6.17774780204918 124.930640260359 81.3710585202806
11.1811757754043 124.665274200625 81.8446625968577
14.9031379330546 125.597140522239 86.9459619356192
17.1132991538593 98.8808088564033 38.641369621841
17.8079429528963 99.1669010289106 39.186145835622
17.0591769595086 99.4529088822607 42.0903704767617
15.2529306392182 84.2263357989542 53.501853072067
24.3306850606744 89.6269879858577 58.0576778272275
17.5988456228237 101.606498452026 64.8536437233964
17.9395964528641 82.7627052952313 67.8518800455653
16.3577301874926 91.8922648866391 69.3888395108727
26.1761562703337 103.114761609945 72.0469635470769
16.6278854024439 79.5880133407941 72.3819503858081
31.5892959753713 98.368052876245 77.6480482465979
30.5982608855568 96.1312244166742 80.3111949124903
17.6389608646703 104.105098746648 64.5218666244019
25.54411726204 107.346488837771 45.3089846505586
18.3080198198796 146.404381932446 47.6987941178983
15.0858888006228 135.238416867634 50.9085212532438
20.7069980245612 148.021583451457 51.8741960202714
17.7094877975055 111.536514770114 53.571146636336
25.1946415122658 143.155146278125 64.4415092323127
30.0265545800995 116.798583012362 74.339991676048
18.8569286695905 106.962961348114 83.3823317647932
15.8210089986632 144.994523140887 86.4157702269295
19.5621687554037 142.188452881285 90.3539848646178
15.8552326319201 118.756397714468 90.8795900068907
31.7414473192119 98.4500282663783 61.2615621507827
33.4769898906697 44.4397520103324 9.87114438021266
48.5975040318986 8.38449282690201 10.7259430619594
40.4585542316036 12.5306430579018 12.8753668768065
39.5998159911856 1.42672246127563 13.6816903468309
36.8873001018994 26.2886935056647 15.8315234049302
39.2126992821256 35.3296787841618 15.8724284619902
48.6811816787432 10.196809239544 16.8203575238797
43.500102041905 42.364713907205 21.137052653483
35.6483540058463 12.3509623818721 23.2231056543803
38.4679819094085 47.4442687397428 25.946631738532
33.6331945374965 29.6025191049279 26.1447778812804
32.1099314008161 28.4825606806082 34.3844610406888
45.0226202264005 50.401753073325 18.4116542097578
43.5982540726737 63.9048559682667 8.15493475949818
33.5412326010484 59.4161751619983 11.2343490091561
41.7158046063974 55.3879965255771 12.7799108477274
49.8562874538108 66.7494099180103 16.325240282048
32.5154031602156 75.8138955943351 25.3383692554817
42.9412371784213 64.4927996884401 28.5295327673921
47.7261101403777 71.0647388096242 28.7384461310468
35.4683945391383 72.0074195250832 29.0313054991644
50.4499821436201 54.0912633756306 34.1090341799804
39.4745826355101 52.9921877670929 38.7552635385472
33.2114993449551 61.8745473575383 41.8132125074037
50.5412760661863 53.6720406725323 38.2376800676656
57.1593069399505 28.2876312049697 0.470593897966352
53.7181053583071 22.6231026685823 6.69110001076085
66.4365927174747 44.6588577452658 7.88120462973987
65.4919569697342 27.9061818840084 11.8013605397328
52.2604065895756 43.8476031756208 14.2788171410386
54.0847607890501 22.5732792792218 21.7055499420175
63.2781603504112 20.2733147532715 23.8051951831383
60.8019141644079 5.3046924671526 25.4844196401496
66.8586619138454 39.6623555018805 26.7270359110816
53.2397373737173 9.61916593533135 26.961916699114
56.8988819701836 29.8160808300515 38.671133740418
64.0456085390886 24.7127611129849 41.146700718482
56.0160395530462 45.1504224893816 27.2896300117268
69.5967553957614 48.827759446842 2.70611703375847
53.1943356434519 46.3408146611172 7.14907942878559
52.4639986804482 73.965350787979 8.01768057275142
66.1476923193814 61.2994351973587 16.1268246575615
64.7082560809366 62.6892056886753 17.032108613502
66.1180645282769 72.532638728595 21.0082336383284
63.0192816225391 47.0831233502895 21.736414958809
62.2583626117773 65.7615247418731 26.1473437212721
67.6523428894173 74.7215523155994 27.7254472345047
57.014130644662 66.9642808459352 30.1127073736008
69.2426194427194 74.3720062169785 30.4094637008966
53.0934113918743 63.7860696129879 42.5005629416284
38.3782068177078 4.37354947797134 46.1976097496113
51.6179929185248 5.06734591619858 51.0525409322055
37.2326542446827 11.1176079029401 54.478763887454
42.8581118990629 17.5446830092555 56.4848906484151
44.8721059255083 8.29457362125854 56.5611677025161
51.1292132791914 9.36438017467942 64.3037212332853
46.2567337052691 14.7051801625312 67.6868186037037
35.174429507968 9.30790801238231 70.032596516788
39.4499120308341 15.9170173844371 71.6446890825779
43.2606938619254 11.0615255530659 73.9461032962927
43.2681961576545 15.4532977275601 83.3541766503282
44.9129341331348 5.85943742832998 93.0999201588359
48.2234409691083 17.907959096783 45.8848897961879
34.9329178730626 41.0719789376677 61.6156660699389
46.8198294494893 24.5598462735252 61.8118628044828
49.1518567343869 60.0897046804933 67.1629647586309
44.0880299375476 22.6360041631016 70.6133800279865
42.8294712527879 72.428201199817 70.8471432534729
34.2567092431925 59.6913244499374 77.30225381473
33.6050271227556 30.8350602260899 80.2881512154513
44.0887792122973 32.5271508671162 81.1295449070704
42.3177180042198 20.091850136369 86.2769761135112
46.8473187447613 20.4846729606925 92.6805656164261
44.6088842774223 45.7876779797917 94.3949033766056
52.4105234758622 60.6273351319721 78.5165967230928
57.5569266930796 33.4048847392222 44.8533226008269
64.8196135643152 19.5643923312929 46.2752927110099
67.1254312388308 33.0288103565606 46.59482242475
66.8901901451746 23.8438116850913 47.6832784220518
55.5021586651115 20.3627298401513 54.9467017929006
58.779595729125 29.6165666270513 56.9827353366516
67.60244386301 10.1850537286937 57.9589172158455
57.6994972862958 28.7281180421242 62.2349810056465
61.1669410295677 8.28620253237357 66.4017033066492
63.7090041043084 31.0755150210272 66.4112040963909
64.3084155776718 15.114775874419 72.8997016267632
69.395968671618 17.3073412347322 74.7481697552286
68.9449090402011 43.153688164049 76.102452492507
59.1190972964283 77.352087029631 42.9348515020209
64.5320611552407 76.4867799259105 55.2000073966655
63.924896489275 46.5779765468082 55.3695560581948
66.3651066139105 45.3357168553865 57.0665045304056
55.7745129160323 45.2629157843966 57.66073604946
64.3258903423371 74.5960616583751 58.1872136790602
59.0872918916575 57.9521885869068 59.5945179178325
54.4391687401674 44.1997504030665 67.3339076284679
55.654858411566 67.9369857312142 69.5260805473606
58.67043225547 72.8098479152846 71.449884884111
67.416865439205 61.9593942143787 72.7200172283419
39.5724832922366 77.377007951222 43.2521169185635
38.9642436004082 87.1162237630092 2.39819974193011
48.6177458649645 87.8990585358182 4.59419571866721
42.9558173728741 85.2727929833696 8.54372831599846
52.3635932488331 87.459970301303 10.5771530760392
48.6719603733158 83.440530747434 17.8154205354512
35.9014561336375 80.8414554053826 18.0050423240263
40.7006810569362 97.5144647242303 20.6090337806806
32.8441104950448 104.829136869959 27.9927457374225
34.5627948075611 102.869731681278 31.4099571631171
37.912743979601 106.675970260323 34.9483178319114
42.6329723932895 95.6281344065454 44.8154509487678
43.5291758265685 90.0760989929604 50.1670158968319
45.5091362609193 109.816806530195 14.2719403906858
50.9197535555008 119.542556678303 2.40827364609587
38.2744071741262 123.542998053002 5.10923242207965
39.4912195203268 139.356741764879 7.25962157276797
49.8417061974827 115.228565914247 17.9342242303188
33.2127649762657 144.22902768262 30.5009505150257
41.6779471746665 117.762553689589 36.8170300455552
36.3936577958437 144.883024428193 43.3571906632944
48.0051319306904 125.992776024237 43.4923522665363
53.5151944037666 138.872563953934 44.719260098373
51.1250006159748 149.814217543533 46.307775195277
51.5973539620286 137.217032245031 47.1149761857279
54.2868560223393 86.3404340629551 10.3194317026272
55.2129808673165 121.981514806189 1.67888045184603
60.6184403882045 119.316494856973 7.57344106298766
54.7663745523598 99.0329936337362 11.5262247519003
63.8579259023033 81.112116779144 18.6358187291179
61.07023036418 101.322966450664 19.3508189071567
62.1166661560041 96.6516986273347 33.5436619262184
62.1719692997773 83.9100822732696 34.1976331664142
63.9728591544042 102.704732916376 37.1815377090552
58.3600766760702 108.191080012434 39.9729884584634
64.3621736035818 108.25574697744 50.2389514892732
56.0825347894351 90.0777413336734 52.3990968678408
67.7541031507445 83.5891676679653 54.4615579591203
57.9712417841661 122.688764493438 21.1797852844524
59.9942659811039 131.593578922205 9.4205198126613
60.9448816803526 149.967507547442 19.0203235674304
58.0704233960575 143.428240806767 21.6532449046898
55.3918233199106 142.997709491263 22.8156662997798
61.535284558765 143.712721329334 26.4345187741308
60.8313424699447 138.270771487409 28.1089070391311
61.2350551214531 137.416512958433 41.9706499642064
60.8432246238431 131.919446765846 42.6797663938641
68.9456920390706 130.806567892976 45.4265226029188
59.1970438135401 128.829308527034 46.9766365421129
59.1089979541404 141.965783123183 53.921054934723
34.3448095945613 119.339197103029 54.5682690191877
32.0660072093735 107.816412483665 56.1129040134523
39.8219676789592 86.8926116616105 59.9376197356133
47.7255487246324 101.53844686315 62.7731878797587
47.5893566104668 97.8627923198482 69.0471707663917
45.951873421787 85.1986679586947 72.6265048974389
39.8980636739392 91.3755750458414 75.9731305137128
46.0277754793589 89.9548568460752 79.2129850151852
33.7270420369195 97.4789888746674 85.8429060683512
33.5918374047468 81.7497860896081 87.6710947278645
46.8584297986464 85.473756884227 89.7102006575492
39.3221668895001 105.893195482203 93.0426152703885
49.8246284467925 107.766186224543 93.2731972241654
48.7707390697276 111.746881682521 59.7025033744703
32.7397534143414 118.118760008494 54.6407938962236
46.823265516775 113.872573529856 61.8626701196279
48.4845380418922 131.747813071637 62.47327365841
35.3170239082409 128.819579076751 69.9333429104199
48.0259555431119 124.395714586264 72.1329263812743
35.1093939907615 114.570109722819 76.2830304061391
35.6722951301878 117.479694979226 78.2713487835659
32.2716259313153 131.264091619981 83.3914630160231
47.6073510923249 147.657529649171 87.8893418734572
49.7046123044145 142.995403776155 91.1701164296711
34.2826719438732 123.369704374087 99.0820520254557
49.983564822349 148.021568877202 61.7082436913945
59.7743597807157 105.316790466886 57.8790463343817
63.9310870818814 80.6834189537703 58.7628139892782
55.6926699287995 107.171171661096 59.6589441043367
67.1090476981841 92.2144591786004 59.6871532272631
66.5609722838302 87.8153562809589 59.7966824327317
67.7077175992399 86.0414906701556 60.503175664709
59.5376219368561 112.734090813666 61.3743557935547
66.9165021481546 77.4109871874982 68.9101836833103
50.475907690668 89.2917394377876 69.018758901904
62.9978132951169 90.4553768110015 70.7568301755913
55.8898026839703 106.402633208852 76.3266916681252
50.7417708729413 82.259094518769 78.3939040709672
58.6442025746983 115.780701580692 81.5829931192944
58.3159265691881 148.532528324331 54.6076462511606
64.2986223702164 144.118163470017 56.5140368525248
69.5892207515893 142.635946125662 56.6358113723865
64.8061464871482 125.892713960966 58.4789797633217
67.6591616119446 141.427836371101 60.0637700567097
58.0522386164925 133.225584893379 64.4594456285568
68.0820779733425 118.047818999987 66.373025429601
55.393987295417 133.247470028579 71.4518754281835
64.2440670200411 118.305106451835 73.4167429768045
54.0665131776391 116.546187090837 86.6951624138514
50.9278310805076 131.873275075952 91.9890392863076
