# pointset GolgiPoints from testgl/Granular_Layer.9ML
44.4962514357797 61.7895142288119 45.242322224324
68.791934018095 92.7078520879214 44.4134674615764
56.461565871316 58.8663699697546 72.7090537341369
47.0383956896327 25.0708804650084 37.1808301745195
5.8099695504825 102.93331278562 39.518887923027
23.2012594289652 33.1568044892479 86.7701197202673
9.66921812334237 42.3593765950669 12.1914503336959
17.2856581216429 114.818963909536 31.419785840299
53.2874801672399 142.044390572222 8.99232292500523
6.82735212246161 77.5946825769884 80.0326681828992
