# pointset MossyFibersGrid from testgl/Granular_Layer.9ML
3.88888888888889 3.88888888888889 50.0
3.88888888888889 11.6666666666667 50.0
3.88888888888889 19.4444444444444 50.0
3.88888888888889 27.2222222222222 50.0
3.88888888888889 35.0 50.0
3.88888888888889 42.7777777777778 50.0
11.6666666666667 3.88888888888889 50.0
11.6666666666667 11.6666666666667 50.0
11.6666666666667 19.4444444444444 50.0
11.6666666666667 27.2222222222222 50.0
11.6666666666667 35.0 50.0
19.4444444444444 3.88888888888889 50.0
19.4444444444444 11.6666666666667 50.0
19.4444444444444 19.4444444444444 50.0
19.4444444444444 27.2222222222222 50.0
19.4444444444444 35.0 50.0
27.2222222222222 3.88888888888889 50.0
27.2222222222222 11.6666666666667 50.0
27.2222222222222 19.4444444444444 50.0
27.2222222222222 27.2222222222222 50.0
27.2222222222222 35.0 50.0
11.6666666666667 42.7777777777778 50.0
3.88888888888889 50.5555555555556 50.0
3.88888888888889 58.3333333333333 50.0
3.88888888888889 66.1111111111111 50.0
3.88888888888889 73.8888888888889 50.0
3.88888888888889 81.6666666666667 50.0
11.6666666666667 50.5555555555556 50.0
11.6666666666667 58.3333333333333 50.0
11.6666666666667 66.1111111111111 50.0
11.6666666666667 73.8888888888889 50.0
11.6666666666667 81.6666666666667 50.0
19.4444444444444 42.7777777777778 50.0
19.4444444444444 50.5555555555556 50.0
19.4444444444444 58.3333333333333 50.0
19.4444444444444 66.1111111111111 50.0
19.4444444444444 73.8888888888889 50.0
27.2222222222222 42.7777777777778 50.0
27.2222222222222 50.5555555555556 50.0
27.2222222222222 58.3333333333333 50.0
27.2222222222222 66.1111111111111 50.0
27.2222222222222 73.8888888888889 50.0
19.4444444444444 81.6666666666667 50.0
3.88888888888889 89.4444444444444 50.0
3.88888888888889 97.2222222222222 50.0
3.88888888888889 105.0 50.0
3.88888888888889 112.777777777778 50.0
11.6666666666667 89.4444444444444 50.0
11.6666666666667 97.2222222222222 50.0
11.6666666666667 105.0 50.0
11.6666666666667 112.777777777778 50.0
19.4444444444444 89.4444444444444 50.0
19.4444444444444 97.2222222222222 50.0
19.4444444444444 105.0 50.0
19.4444444444444 112.777777777778 50.0
27.2222222222222 81.6666666666667 50.0
27.2222222222222 89.4444444444444 50.0
27.2222222222222 97.2222222222222 50.0
27.2222222222222 105.0 50.0
27.2222222222222 112.777777777778 50.0
35.0 81.6666666666667 50.0
35.0 89.4444444444444 50.0
35.0 97.2222222222222 50.0
35.0 105.0 50.0
35.0 112.777777777778 50.0
3.88888888888889 120.555555555556 50.0
3.88888888888889 128.333333333333 50.0
3.88888888888889 136.111111111111 50.0
3.88888888888889 143.888888888889 50.0
11.6666666666667 120.555555555556 50.0
11.6666666666667 128.333333333333 50.0
11.6666666666667 136.111111111111 50.0
11.6666666666667 143.888888888889 50.0
19.4444444444444 120.555555555556 50.0
19.4444444444444 128.333333333333 50.0
19.4444444444444 136.111111111111 50.0
19.4444444444444 143.888888888889 50.0
27.2222222222222 120.555555555556 50.0
27.2222222222222 128.333333333333 50.0
27.2222222222222 136.111111111111 50.0
27.2222222222222 143.888888888889 50.0
35.0 120.555555555556 50.0
35.0 128.333333333333 50.0
35.0 136.111111111111 50.0
35.0 143.888888888889 50.0
35.0 73.8888888888889 50.0
35.0 3.88888888888889 50.0
35.0 11.6666666666667 50.0
35.0 19.4444444444444 50.0
35.0 27.2222222222222 50.0
35.0 35.0 50.0
42.7777777777778 3.88888888888889 50.0
42.7777777777778 11.6666666666667 50.0
42.7777777777778 19.4444444444444 50.0
42.7777777777778 27.2222222222222 50.0
50.5555555555556 3.88888888888889 50.0
50.5555555555556 11.6666666666667 50.0
50.5555555555556 19.4444444444444 50.0
50.5555555555556 27.2222222222222 50.0
58.3333333333333 3.88888888888889 50.0
58.3333333333333 11.6666666666667 50.0
58.3333333333333 19.4444444444444 50.0
58.3333333333333 27.2222222222222 50.0
66.1111111111111 3.88888888888889 50.0
66.1111111111111 11.6666666666667 50.0
66.1111111111111 19.4444444444444 50.0
66.1111111111111 27.2222222222222 50.0
42.7777777777778 35.0 50.0
35.0 42.7777777777778 50.0
35.0 50.5555555555556 50.0
35.0 58.3333333333333 50.0
35.0 66.1111111111111 50.0
42.7777777777778 42.7777777777778 50.0
42.7777777777778 50.5555555555556 50.0
42.7777777777778 58.3333333333333 50.0
42.7777777777778 66.1111111111111 50.0
50.5555555555556 35.0 50.0
50.5555555555556 42.7777777777778 50.0
50.5555555555556 50.5555555555556 50.0
50.5555555555556 58.3333333333333 50.0
58.3333333333333 35.0 50.0
58.3333333333333 42.7777777777778 50.0
58.3333333333333 50.5555555555556 50.0
58.3333333333333 58.3333333333333 50.0
66.1111111111111 35.0 50.0
66.1111111111111 42.7777777777778 50.0
66.1111111111111 50.5555555555556 50.0
66.1111111111111 58.3333333333333 50.0
50.5555555555556 66.1111111111111 50.0
42.7777777777778 73.8888888888889 50.0
42.7777777777778 81.6666666666667 50.0
42.7777777777778 89.4444444444444 50.0
42.7777777777778 97.2222222222222 50.0
42.7777777777778 105.0 50.0
50.5555555555556 73.8888888888889 50.0
50.5555555555556 81.6666666666667 50.0
50.5555555555556 89.4444444444444 50.0
50.5555555555556 97.2222222222222 50.0
50.5555555555556 105.0 50.0
58.3333333333333 66.1111111111111 50.0
58.3333333333333 73.8888888888889 50.0
58.3333333333333 81.6666666666667 50.0
58.3333333333333 89.4444444444444 50.0
58.3333333333333 97.2222222222222 50.0
58.3333333333333 105.0 50.0
66.1111111111111 66.1111111111111 50.0
66.1111111111111 73.8888888888889 50.0
66.1111111111111 81.6666666666667 50.0
66.1111111111111 89.4444444444444 50.0
66.1111111111111 97.2222222222222 50.0
66.1111111111111 105.0 50.0
42.7777777777778 112.777777777778 50.0
42.7777777777778 120.555555555556 50.0
42.7777777777778 128.333333333333 50.0
42.7777777777778 136.111111111111 50.0
42.7777777777778 143.888888888889 50.0
50.5555555555556 112.777777777778 50.0
50.5555555555556 120.555555555556 50.0
50.5555555555556 128.333333333333 50.0
50.5555555555556 136.111111111111 50.0
50.5555555555556 143.888888888889 50.0
58.3333333333333 112.777777777778 50.0
58.3333333333333 120.555555555556 50.0
58.3333333333333 128.333333333333 50.0
58.3333333333333 136.111111111111 50.0
58.3333333333333 143.888888888889 50.0
66.1111111111111 112.777777777778 50.0
66.1111111111111 120.555555555556 50.0
66.1111111111111 128.333333333333 50.0
66.1111111111111 136.111111111111 50.0
66.1111111111111 143.888888888889 50.0
